260
t_index            tf-idf
132            0.026565500291148007
200            0.038439257612515716
210            0.01963658538967873
220            0.0356970720810184
247            0.07324421384902258
268            0.12705432648775888
279            0.033111191077241
285            0.05138985944210528
319            0.032085488279575115
352            0.029068508351767698
373            0.05060602370994841
380            0.07230103641511708
388            0.07432853198064429
390            0.021153862462846108
429            0.03736686902791285
452            0.048427328321465145
495            0.028817687276760075
517            0.03293392238643976
518            0.06615761195969928
520            0.07432853198064429
594            0.02128411954281027
606            0.06615761195969928
634            0.046610177633460724
640            0.04503609010916469
674            0.01502899635702396
682            0.034634357806186025
684            0.0532070101301097
768            0.012475847234870054
941            0.026565500291148007
951            0.01213945708441668
964            0.04609364284729481
977            0.049101120037148116
978            0.015581050545409406
1204           0.016994752659653327
1225           0.0595607794630503
1327           0.0390144031810444
1470           0.06352716324387944
1533           0.01809100609159558
1540           0.023046821423647404
1550           0.023914568258630108
1583           0.028331509268596452
1628           0.022027458043070956
1755           0.04092418557522136
1783           0.0818604000324062
1810           0.020220276189312828
1922           0.04503609010916469
2045           0.029990956657500633
2059           0.05535624322293442
2064           0.04981577191780925
2076           0.033449566646617065
2095           0.029586752060203017
2177           0.026362251363150988
2223           0.025029915182551776
2304           0.05535624322293442
2333           0.15570966585897772
2369           0.02304550186415705
2378           0.04092418557522136
2419           0.0595607794630503
2466           0.0595607794630503
2476           0.027526152060073382
2547           0.05659824834241016
2639           0.022309822340476165
2658           0.05138985944210528
2661           0.030409514677682797
2667           0.06954885017199973
2672           0.021683755976596455
2751           0.030409514677682797
2763           0.028817687276760075
2781           0.07432853198064429
2952           0.03144813599257991
2992           0.07432853198064429
3035           0.0595607794630503
3092           0.03711335074529852
3143           0.04280527782713104
3165           0.041282111098186025
3166           0.048427328321465145
3184           0.03329116626462027
3208           0.06954885017199973
3263           0.021218811088819022
3267           0.045537789048857864
3294           0.060819029355365595
3295           0.031922890587299434
3296           0.0532070101301097
3355           0.014800093129905517
3478           0.03293392238643976
3517           0.0356970720810184
3585           0.014724769258324786
3599           0.03129404038923659
3646           0.07632375335689129
3675           0.04606179290683058
3712           0.06352716324387944
3714           0.02089758833082268
3791           0.05138985944210528
3819           0.033111191077241
3932           0.038439257612515716
3955           0.032085488279575115
4023           0.034039871551130585
4041           0.012918349700596004
4052           0.020584887083306094
4074           0.0497762470336492
4175           0.0595607794630503
4189           0.16924095080206125
4263           0.5464534685862943
4348           0.01590852009718954
4443           0.026756225646101053
4483           0.049101120037148116
4571           0.048427328321465145
4634           0.054232712927775595
4791           0.04280527782713104
4852           0.046890412144545424
4898           0.026261926112540593
4935           0.04455487448616957
4963           0.05611853807497569
4992           0.031569301050524606
5041           0.07432853198064429
5137           0.02567727013946724
5167           0.05138985944210528
5181           0.0532070101301097
5227           0.04240564139334486
5282           0.09557995206893988
5301           0.058137016703535396
5353           0.049101120037148116
5380           0.01897228875770986
5530           0.033473931875919224
5657           0.033659575803871154
5750           0.04606179290683058
5783           0.061377930151054715
5791           0.0109912854349958
5959           0.0356970720810184
5996           0.009076856213481387
6001           0.02046209278761068
6005           0.09685465664293029
6007           0.06615761195969928
6011           0.03615051820755854
6045           0.015223204139906642
6067           0.017458912848093228
6085           0.07432853198064429
6155           0.08256422219637205
6158           0.03961905601352493
6239           0.03618201218319116
6440           0.04084469538467531
6458           0.07432853198064429
6495           0.030128831279438252
6542           0.03329116626462027
6645           0.019751034306091448
6686           0.03069704468323102
6766           0.015991828894763936
6779           0.020523330046329648
6848           0.06954885017199973
6937           0.07744664612760262
7056           0.06615761195969928
7061           0.07432853198064429
7195           0.026565500291148007
7225           0.06615761195969928
7246           0.023996715948516423
7315           0.03711335074529852
7395           0.04025640830052013
7470           0.03894882732570329
7648           0.06615761195969928
7653           0.07432853198064429
7744           0.04201911018135726
7806           0.06352716324387944
7821           0.020523330046329648
7858           0.049101120037148116
7881           0.0595607794630503
7890           0.05138985944210528
7938           0.009648514680729293
7942           0.11428836809148157
7968           0.05535624322293442
7973           0.07432853198064429
7979           0.23693733112288573
7982           0.10915186339567369
8078           0.01908043764281826
8102           0.07432853198064429
8138           0.06954885017199973
8155           0.028942430724353502
8157           0.01844594482115999
8162           0.038439257612515716
8189           0.0595607794630503
8238           0.014138902319531148
8310           0.04844656293859954
8385           0.06954885017199973
8418           0.0436476465128206
8441           0.028451186903566274
8571           0.027979598186613525
8618           0.05097731156585228
8633           0.05535624322293442
8717           0.15416957832631584
8734           0.061377930151054715
8738           0.023996715948516423
8758           0.030268337591570698
8770           0.030409514677682797
8857           0.023199916377968973
8950           0.04778997603446994
9011           0.05442318596276598
9027           0.07432853198064429
9041           0.06615761195969928
9144           0.03160427265658001
9214           0.026772315171163054
9251           0.040440552378625656
9257           0.01717822944984868
9322           0.004795841024051879
9417           0.020646767255815067
9437           0.06586784477287952
9547           0.04336751195319291
9553           0.06352716324387944
9659           0.017506350118522227
9758           0.05535624322293442
9789           0.04981577191780925
9797           0.03711335074529852
10116          0.03638395446522456
10156          0.026982823368602762
10175          0.034839374204880376
10179          0.03144813599257991
10231          0.06352716324387944
10302          0.007349729986886687
10311          0.050576561414289865
10314          0.06352716324387944
10376          0.01275839954247939
10394          0.04455487448616957
10402          0.033111191077241
10445          0.048427328321465145
10588          0.06615761195969928
10603          0.032921717174658804
10608          0.03711335074529852
10615          0.10277971888421056
10627          0.034039871551130585
10670          0.039312853192740554
10747          0.05798669193875426
10752          0.0595607794630503
10846          0.031141933171795543
10935          0.006591451010231061
10940          0.061377930151054715
10965          0.02297101315085053
11064          0.032405427384464454
11065          0.10115312282857973
11066          0.0532070101301097
11087          0.01913488644998555
11090          0.042050057972045654
11109          0.03160427265658001
11145          0.037625959584700296
11284          0.021153862462846108
11303          0.007389962605441125
11359          0.0532070101301097
11588          0.04240564139334486
11753          0.0390144031810444
11794          0.027526152060073382
11829          0.038439257612515716
11857          0.02108926972154102
11874          0.004807749556358324
11958          0.015106295950689883
11978          0.048427328321465145
11997          0.03662210692451129
12045          0.022097417570625683
12086          0.023199916377968973
12158          0.014464862602274755
12245          0.015063736103523824
12271          0.029990956657500633
12274          0.061377930151054715
12276          0.050576561414289865
