264
t_index            tf-idf
68             0.03074059598166979
110            0.11892125703185685
137            0.0467076912436667
236            0.025878721808084006
313            0.10871094145351799
322            0.11028952519090499
344            0.011727525231839373
352            0.034800555751368714
374            0.015976119939781097
435            0.017718537871290702
485            0.07802617264573007
744            0.026539083754296474
894            0.045687054211859625
942            0.04859217461597799
951            0.014533248419398176
1034           0.07920329572882692
1045           0.1976902827515407
1183           0.024867465076864225
1204           0.020345964445644554
1273           0.09718434923195599
1352           0.04195917239207329
1372           0.03821779639272752
1411           0.0788634393296963
1533           0.021658389156753464
1660           0.029858267333352725
1680           0.03640599641737071
1688           0.07130562742387199
1732           0.033918227103051646
1814           0.039013086322865036
1837           0.09876759908335937
1891           0.06833412528428862
1952           0.06942114405156069
1957           0.08898544740609315
1960           0.06369895214399339
1969           0.05124609214374474
1975           0.04536261091818626
2045           0.0359049025345934
2163           0.029230934645598804
2270           0.04443176843139668
2358           0.03692553956640047
2369           0.013794933381800078
2438           0.07920329572882692
2466           0.07130562742387199
2469           0.08886353686279336
2488           0.05580128383903845
2574           0.02750068954855693
2592           0.03335923673633254
2626           0.047028570324156534
2639           0.026709117879991195
2823           0.06662134401360327
2824           0.05225456832885878
2846           0.16585576186591403
2890           0.024570345434928472
2896           0.10871094145351799
2952           0.03764942447828939
3077           0.08601006626678093
3084           0.034800555751368714
3147           0.03192723257072209
3175           0.09876759908335937
3270           0.05124609214374474
3272           0.06460718504059683
3302           0.04384365576438459
3326           0.050188966594475914
3466           0.0294369625632603
3507           0.05030489933620224
3514           0.10626297732030733
3585           0.017628360812301888
3591           0.03256019343869577
3593           0.03495312655316611
3600           0.05797676023642608
3613           0.04780793610513195
3655           0.024942732784418324
3682           0.05225456832885878
3725           0.053916800466727165
3742           0.03921911424052653
3752           0.023105496398699958
3758           0.025402969059790174
3784           0.07529884895657878
3798           0.032431309787558496
3860           0.04384365576438459
3880           0.024064978742855746
3884           0.02297360140396564
3926           0.02220711467120109
3948           0.05451742990769856
4052           0.02464404096382401
4081           0.06256933648792291
4094           0.04331677831350693
4098           0.039206042487203996
4124           0.05648984292093293
4163           0.03692553956640047
4191           0.03640599641737071
4202           0.057213727832821845
4222           0.04300503313339046
4348           0.057136609887003115
4374           0.03180397709980458
4406           0.04780793610513195
4443           0.01601615588638757
4529           0.09876759908335937
4539           0.03322288145612424
4544           0.024570345434928472
4615           0.005284407351845507
4674           0.04743157615555562
4681           0.05451742990769856
4690           0.05706527867170149
4708           0.05514476259545249
4781           0.036069964787164996
4818           0.01767337731526882
4852           0.028068389032794606
4898           0.03144054083401969
4917           0.0578548496931263
4925           0.05278718481065669
4936           0.05451742990769856
4963           0.06718460711262253
4979           0.03558045924092003
4996           0.018605244575083862
5032           0.04098549933609939
5042           0.031203347658833168
5228           0.057213727832821845
5240           0.11765734272157957
5303           0.027231868816672906
5599           0.03335923673633254
5638           0.04780793610513195
5741           0.029965588471946934
5791           0.026317335374143318
5831           0.10507732618692697
5987           0.04942257068788518
5998           0.027143387889134243
6008           0.08898544740609315
6033           0.053916800466727165
6056           0.024351540095195395
6067           0.020901652832537178
6138           0.059292085714420226
6143           0.035263307428532085
6150           0.06470978081751498
6186           0.03420625060434765
6202           0.02277804176142954
6246           0.09034061999849013
6267           0.12156824297680806
6269           0.029858267333352725
6282           0.04355854179030517
6348           0.01846148107333326
6372           0.04122269251128592
6400           0.059638992374294465
6424           0.02330567935387823
6440           0.04889890054491314
6495           0.07213992957432999
6572           0.03972778235988777
6574           0.08326325549852585
6618           0.03495312655316611
6735           0.07812281428959583
6805           0.026205040663154783
6818           0.06627199459819916
6911           0.032431309787558496
6990           0.12022406705928604
7013           0.04634381809394796
7030           0.020732636899672457
7141           0.1665265109970517
7164           0.033683386125676514
7189           0.0792808380212379
7193           0.03964041901061895
7218           0.0849448333031851
7259           0.01601615588638757
7412           0.028532639335850745
7471           0.011176292627137329
7494           0.02051038566522955
7524           0.03339787679066354
7529           0.08088722602189373
7541           0.02662384474010449
7615           0.07348110382125962
7788           0.05580128383903845
7820           0.08898544740609315
7938           0.034653343990132916
7954           0.04195917239207329
8037           0.09718434923195599
8047           0.053916800466727165
8065           0.07348110382125962
8078           0.022842927676714846
8210           0.021658389156753464
8258           0.05451742990769856
8338           0.031560649318255855
8510           0.06775891191369231
8518           0.14168396976040976
8571           0.033496922332959214
8636           0.04706499290308939
8770           0.07281199283474142
8864           0.04007468901976201
8882           0.05225456832885878
8926           0.014176849132923396
8945           0.12770893028288835
8946           0.04384365576438459
8953           0.06783645420610329
8997           0.19753519816671875
9083           0.023923850949642805
9128           0.06054980269063185
9177           0.11297968584186587
9214           0.0320515740069138
9216           0.04007468901976201
9231           0.08104549531787203
9257           0.02056562120233146
9422           0.07762004587742352
9429           0.025966531656231157
9454           0.0692992335082609
9506           0.06256933648792291
9562           0.09887249339064652
9648           0.021658389156753464
9655           0.02882768830626727
9805           0.02479259666937138
9836           0.19753519816671875
9847           0.05334069346757139
9882           0.016464214525561585
9907           0.02637107389248647
9913           0.05334069346757139
9963           0.06627199459819916
9979           0.0934153824873334
10087          0.04384365576438459
10094          0.09504536636763683
10282          0.030182710627026096
10376          0.030548481484038093
10402          0.03964041901061895
10412          0.06699384466591843
10483          0.04504545910579832
10484          0.11442745566564369
10492          0.04247241665159255
10552          0.11756683519011797
10630          0.033635964459765647
10800          0.031321445935571596
10832          0.03269026497432632
10846          0.03728284122582316
10935          0.03156490255201036
10944          0.02220711467120109
10965          0.08250206864567079
11003          0.08898544740609315
11051          0.01753875630992771
11085          0.13289152582449695
11109          0.03783634988273787
11129          0.09541193129941374
11173          0.03821779639272752
11195          0.06942114405156069
11201          0.01718592138949278
11294          0.04007468901976201
11303          0.008847196510361864
11308          0.09876759908335937
11480          0.015085313399597997
11633          0.06152347574660575
11680          0.05451742990769856
11718          0.019500008656930738
11750          0.03322288145612424
11765          0.05451742990769856
11777          0.04900126591779276
11853          0.051741324069339525
11874          0.005755794361718308
11941          0.033918227103051646
11946          0.06385446514144417
11955          0.04098549933609939
11987          0.014935971670395403
12005          0.027231868816672906
12011          0.031086229462078056
12053          0.03921911424052653
12119          0.02892742484656315
12156          0.06990625310633222
12161          0.0578548496931263
12245          0.009017084429492365
12271          0.0359049025345934
12309          0.07348110382125962
