297
t_index            tf-idf
51             0.061639789802059225
69             0.043118849024441006
116            0.03536790122891143
119            0.12263909223215146
201            0.02935465880857399
203            0.0677226626512983
220            0.03974908504468939
337            0.029242945531093096
343            0.02492202918057482
344            0.010907807959782882
374            0.02971887841647529
386            0.0918640533405307
435            0.032960135170455936
456            0.018722673046737276
493            0.02278476690080007
496            0.022582301742191304
522            0.03790377390406949
576            0.02737941110436651
587            0.022921499708788408
594            0.07110030838565891
674            0.13387963090660954
678            0.0364778210262996
684            0.059246594954211265
696            0.046372003730865245
710            0.08276564341859761
768            0.013891994044158458
783            0.10784873266738222
877            0.045195733846755716
937            0.02964461397727969
951            0.013517419886697598
955            0.02557847750716106
958            0.04678874447490244
967            0.06302277625562419
991            0.04678874447490244
1019           0.04860213771317095
1072           0.03324351231144635
1112           0.039026357697494816
1121           0.030284337926508295
1177           0.08806397642572197
1204           0.13246691691525544
1334           0.07496062075677519
1411           0.024450377331694317
1442           0.04596808783481881
1502           0.07073819972399233
1521           0.01420661916745278
1571           0.025328446502236136
1573           0.04812476761942791
1618           0.02348313536161624
1660           0.027771267990952628
1694           0.026538297237361227
1705           0.04482595641175802
1706           0.039026357697494816
1790           0.0663215874632941
1791           0.07744341479807745
1810           0.022515501440900632
1858           0.05467464087016579
1891           0.0211859280045752
1901           0.1122921348594402
1910           0.043118849024441006
1916           0.04411625758262993
1925           0.0463986278138143
2038           0.12207921120799695
2074           0.05254137988012614
2082           0.028278135245140966
2133           0.07366723349666453
2135           0.04721915125960598
2148           0.10508275976025228
2177           0.02935465880857399
2266           0.22100170048999357
2352           0.04055225966009279
2369           0.012830710757129875
2430           0.042802538998907756
2446           0.05534440325465282
2452           0.030775095304302464
2574           0.05115695501432212
2616           0.046372003730865245
2626           0.021870710298125994
2676           0.08209955022069017
2700           0.10265156343345624
2801           0.03434456003625995
2827           0.06589035208086441
2836           0.030900706127681223
2839           0.04721915125960598
2848           0.031815340853281714
2932           0.043442969958193044
2979           0.035191707565000695
2986           0.06302277625562419
3050           0.03667228726273863
3062           0.05254137988012614
3107           0.030284337926508295
3178           0.05467464087016579
3263           0.023627381108523776
3279           0.02817518388699906
3379           0.0918640533405307
3394           0.08772883659327928
3401           0.030045672608391277
3422           0.05321466750456302
3466           0.02737941110436651
3585           0.016396193620143034
3593           0.03251001251319633
3617           0.08155824317211498
3646           0.0424936722573133
3655           0.06959794172072144
3664           0.11697178212437238
3671           0.0849873445146266
3674           0.14621787803762257
3681           0.09115246189646539
3689           0.05190094892084084
3716           0.041896922639085815
3722           0.050706832357062505
3796           0.05962253879906604
3807           0.02718778389267617
3813           0.11307100365890806
3911           0.035724340503547475
4006           0.042191906533405876
4007           0.041896922639085815
4018           0.021306907947371667
4041           0.014384725439683145
4054           0.05190094892084084
4074           0.018475467418872446
4094           0.020144535609160005
4155           0.05392436633369111
4162           0.10653453973685834
4177           0.0663215874632941
4184           0.08688593991638609
4312           0.020482568818591042
4438           0.027573877340805537
4443           0.014896676767606603
4544           0.0685588657994367
4608           0.04596808783481881
4615           0.004915043833689967
4699           0.06309489858473111
4863           0.04360459241149626
4873           0.046372003730865245
4889           0.06038872637727206
4922           0.02737941110436651
4937           0.07366723349666453
4986           0.03628619381460926
5031           0.03467688742909415
5042           0.05804466283147959
5103           0.06390273037682398
5137           0.02859192463103626
5215           0.03460959253685222
5288           0.024842234218280433
5332           0.058195935893480495
5337           0.0490975259715474
5359           0.03016446283880059
5416           0.05384240216998781
5424           0.02728324781072324
5452           0.0729556420525992
5751           0.05129031645533897
5755           0.04377529735102724
5785           0.04678874447490244
5791           0.01223891804107985
5834           0.02557847750716106
5926           0.04160842243512942
5930           0.03279851271715272
5996           0.010107179903977038
6060           0.059246594954211265
6150           0.060186769870320685
6174           0.03370412907697466
6197           0.0250830892487846
6232           0.059246594954211265
6399           0.06456882357473143
6558           0.034846260500035454
6609           0.03628619381460926
6697           0.07366723349666453
6720           0.02767220162732641
6735           0.048441516216633784
6766           0.03561415711156321
6940           0.01832934831213461
7030           0.019283490534521407
7176           0.03040531786930476
7181           0.020482568818591042
7195           0.029580978740524136
7249           0.026371863587538666
7299           0.022449039370432466
7323           0.0918640533405307
7386           0.05254137988012614
7470           0.014456650172377706
7471           0.22869230531774162
7483           0.041049775110345084
7492           0.058195935893480495
7524           0.031063469836586356
7541           0.07428876421114816
7567           0.027771267990952628
7576           0.029022331415739795
7592           0.03370412907697466
7647           0.02406988023021734
7694           0.04961234610745394
7700           0.07744341479807745
7819           0.0199239214938067
7840           0.03402043910250791
7937           0.05697298498183113
7938           0.02148745587474531
7957           0.0424936722573133
7999           0.0918640533405307
8040           0.06456882357473143
8078           0.04249255719533167
8194           0.12148426206723559
8210           0.020144535609160005
8232           0.09922469221490789
8233           0.04377529735102724
8270           0.0918640533405307
8362           0.037480310378387595
8369           0.09357748894980487
8447           0.05547041365279834
8501           0.02334045753430615
8542           0.021429013301141036
8679           0.059246594954211265
8737           0.027971672355009025
8801           0.08965191282351603
8807           0.0864160919464092
8821           0.02574785057810236
8829           0.07366723349666453
8917           0.06302277625562419
8926           0.026371863587538666
8970           0.07220964069065201
9026           0.08050800465542507
9179           0.0918640533405307
9217           0.05254137988012614
9251           0.022515501440900632
9322           0.12282510797365731
9325           0.03919960112010932
9370           0.061639789802059225
9418           0.03279851271715272
9429           0.008050517481694037
9506           0.058195935893480495
9559           0.047954037980554524
9602           0.056763800912908995
9637           0.04678874447490244
9659           0.058480544127309506
9737           0.07744341479807745
9760           0.04556953380160014
9833           0.025494603542076125
9854           0.043118849024441006
9882           0.015313417511643801
9905           0.03434456003625995
9988           0.02180229620574813
10106          0.10258063291067794
10111          0.03974908504468939
10124          0.032368105932449195
10158          0.03926287276073368
10159          0.058195935893480495
10202          0.02341160259126324
10302          0.008184005725769546
10376          0.01420661916745278
10404          0.11997543344769847
10562          0.02807303371486005
10614          0.04812476761942791
10733          0.015236655708820882
10772          0.044466311150844526
10800          0.029132174992929184
10832          0.06081063573860952
10882          0.0657873620371889
10883          0.042802538998907756
10935          0.02201896106596064
10995          0.06337756084961514
11005          0.031155592405779437
11020          0.010474738383534691
11045          0.0663215874632941
11087          0.021306907947371667
11099          0.06456882357473143
11122          0.059246594954211265
11138          0.03572754648982492
11143          0.041049775110345084
11147          0.03879402896210977
11306          0.050706832357062505
11402          0.057223177541361005
11416          0.05190094892084084
11480          0.014030897254368672
11493          0.04678874447490244
11551          0.08276564341859761
11617          0.06659776262467709
11676          0.0918640533405307
11690          0.0918640533405307
11721          0.05014818503227818
11810          0.02566289085836406
11874          0.03212089421040316
11910          0.0351527662944088
11926          0.12113735170603318
11934          0.06969252100007091
11941          0.031547449292365554
11946          0.05939123808035335
11972          0.035191707565000695
11978          0.05392436633369111
11985          0.023920716910572938
11988          0.03707008227694212
12002          0.01949351470910317
12064          0.03554649215899163
12118          0.031155592405779437
12167          0.03941390812040662
12185          0.010474738383534691
12250          0.0398478429876134
12251          0.08421910114458014
12255          0.024842234218280433
12266          0.03265347001624389
