363
t_index            tf-idf
29             0.06077809134702948
49             0.07270834673870726
55             0.062266533444008176
84             0.026166985470395168
103            0.0272478394869756
105            0.03012683018546672
106            0.06158627279983632
111            0.027350966975841242
119            0.11514065676190882
159            0.03164338129774276
184            0.05463770285387522
188            0.034803532396549555
189            0.03828579253264767
203            0.031790971840263776
236            0.045196385058713685
335            0.027454964749160697
343            0.02339823913780205
344            0.010240879555311309
374            0.013950899002998321
390            0.02211484967771272
472            0.0691630498257647
478            0.03620774304991245
522            0.10675875061456085
524            0.033715444060417
547            0.02184693340871274
576            0.025705371092795765
587            0.021520026627740312
594            0.02225102413511617
634            0.04872760582734674
638            0.03853989767949927
641            0.0328767761131884
642            0.027350966975841242
674            0.0785587019453845
711            0.017958609813214656
717            0.05062730685724383
728            0.062266533444008176
755            0.066413103898043
783            0.10125461371448766
809            0.132826207796086
877            0.0424323629866825
886            0.02171512826991672
937            0.013916037132499273
939            0.07770516209056669
955            0.024014550707609803
964            0.024093802832850498
978            0.03257774708876621
1067           0.03599707701396269
1069           0.05463770285387522
1072           0.12484371079221206
1121           0.05686536804850219
1132           0.04018549356254475
1150           0.06062093756096269
1173           0.03518867821068532
1177           0.05511969524110473
1183           0.02171512826991672
1204           0.07106719182622037
1207           0.036422073026130965
1322           0.07770516209056669
1351           0.0417475388679156
1352           0.07328039329920437
1408           0.08624727435536866
1442           0.08631498695980355
1521           0.040013981631820975
1533           0.018912852484358703
1539           0.03828579253264767
1571           0.023779807171972735
1618           0.022047322588192197
1694           0.024915684857388782
1740           0.05062730685724383
1777           0.06062093756096269
1810           0.021138852025434012
1891           0.019890571759449097
1901           0.10542633610201471
1912           0.07417675848116481
1967           0.035533595913110186
1975           0.03961219656695922
1990           0.0424323629866825
2038           0.16373572592586785
2048           0.047606500289942365
2073           0.048154308831761215
2076           0.017484564331308496
2162           0.04708200994430127
2198           0.03424748335759776
2290           0.04932887936843902
2430           0.04018549356254475
2446           0.1299012986571594
2451           0.031790971840263776
2485           0.0520788252961607
2560           0.07270834673870726
2574           0.024014550707609803
2639           0.023323323022576115
2640           0.037318734788634164
2641           0.0520788252961607
2645           0.02974368026784567
2651           0.02029277827776031
2700           0.048187605665700996
2724           0.0566964210965632
2758           0.03107008430215722
2776           0.04450204827023234
2823           0.058176055593040385
2836           0.02901136605946924
2858           0.0691630498257647
2928           0.03406757267328094
3041           0.05463770285387522
3050           0.06886011896435308
3062           0.04932887936843902
3104           0.0424323629866825
3136           0.04708200994430127
3215           0.16687236662730978
3216           0.0414188883779904
3234           0.016762091518281355
3263           0.02218274881919044
3264           0.02171512826991672
3279           0.02645248850175472
3326           0.021913368410589936
3334           0.043927973290176156
3344           0.033205426603113604
3386           0.05562412220910326
3391           0.043927973290176156
3394           0.10981985899664279
3401           0.028208611251254172
3408           0.062266533444008176
3436           0.01693877788531881
3462           0.05372442117920617
3578           0.0566964210965632
3603           0.026166985470395168
3617           0.03828579253264767
3655           0.021780854628396278
3664           0.054909929498321394
3674           0.11766666986260076
3696           0.1026634157744035
3758           0.02218274881919044
3793           0.05372442117920617
3796           0.05597707998475473
3824           0.05463770285387522
3911           0.022360048241812598
3926           0.019392018531013463
3994           0.07922439313391844
3998           0.06062093756096269
4018           0.02000415471097841
4041           0.04051563097017061
4052           0.043040053255480624
4094           0.03782570496871741
4149           0.03389025072188051
4162           0.12002492826587047
4166           0.05787099163324101
4236           0.03337309807398709
4259           0.0520788252961607
4281           0.03079313639991816
4342           0.14075471284274127
4423           0.04117664785741983
4539           0.02901136605946924
4544           0.1287340388993717
4562           0.03224465483883503
4575           0.04609559058907322
4581           0.040482463667406036
4588           0.030257240534718708
4615           0.009229053554202176
4699           0.02961856586324035
4756           0.06416623447390525
4763           0.04117664785741983
4818           0.03086600537509175
4852           0.012255142739581507
4863           0.020469253794667245
4873           0.043536713031358705
4922           0.05141074218559153
4924           0.048154308831761215
4932           0.015160430309231048
4979           0.03107008430215722
4983           0.05287417628138158
4984           0.05287417628138158
4986           0.03406757267328094
5004           0.05368749752114435
5031           0.0976699889172354
5057           0.0417475388679156
5137           0.026843748760572175
5215           0.03249348264427637
5227           0.04433206401657959
5303           0.023779807171972735
5313           0.05062730685724383
5328           0.026843748760572175
5359           0.028320138374435547
5380           0.019834170457325665
5416           0.08425059028426654
5431           0.04609559058907322
5452           0.03424748335759776
5453           0.0691630498257647
5459           0.07270834673870726
5460           0.04278959562239975
5462           0.0387993527995207
5463           0.06674619614797418
5501           0.06062093756096269
5513           0.06416623447390525
5571           0.05787099163324101
5585           0.04872760582734674
5617           0.027559847620552365
5738           0.062266533444008176
5741           0.052333970940790335
5751           0.048154308831761215
5791           0.068943615073612
5834           0.048029101415219606
5930           0.12317254559967264
5966           0.04872760582734674
6045           0.0159147707308046
6067           0.018252044223602354
6168           0.02385755924694036
6472           0.03599707701396269
6490           0.08219755047442757
6546           0.043157493479901776
6572           0.017345834952572553
6608           0.033205426603113604
6618           0.030522275760338384
6645           0.02064829321008037
6721           0.04657893344071734
6760           0.02552546040847895
6763           0.0828377767559808
6766           0.08359156459028642
6805           0.022883145409469535
6856           0.03686225063923754
6857           0.03686225063923754
6899           0.04708200994430127
6927           0.05287417628138158
6970           0.025436480505654543
7042           0.062266533444008176
7089           0.03599707701396269
7138           0.047098903247841946
7164           0.014706747310659796
7181           0.11538130540688826
7192           0.02218274881919044
7243           0.03558625020485362
7249           0.012379713671382752
7269           0.018808854711039248
7331           0.04109877523721379
7361           0.06886011896435308
7448           0.039064388025140374
7471           0.029278572692904566
7513           0.05916941912204582
7524           0.021873133516337052
7529           0.014126703168449035
7567           0.026073268950297792
7576           0.0272478394869756
7592           0.03164338129774276
7647           0.022598192529356843
7759           0.07463746957726833
7825           0.040482463667406036
7866           0.04932887936843902
7938           0.01008683176192044
8078           0.05984169713644698
8194           0.04562257422512223
8211           0.03038904567351474
8238           0.01478121075777412
8310           0.008441235878874962
8328           0.045630491505384396
8338           0.027559847620552365
8364           0.043536713031358705
8398           0.029130436193511907
8433           0.02626142013174756
8436           0.066413103898043
8440           0.05562412220910326
8636           0.04109877523721379
8644           0.039064388025140374
8647           0.040482463667406036
8737           0.02626142013174756
8801           0.04208519459244183
8821           0.024173567920400704
8857           0.02425385265387889
8874           0.014818611888160202
8911           0.03933524866472016
8926           0.012379713671382752
8941           0.0654313603704054
8970           0.06779457758807053
8980           0.036422073026130965
9011           0.018965182342195044
9079           0.04932887936843902
9096           0.0775987055990414
9144           0.033040005824055925
9275           0.026356584025503678
9306           0.0691630498257647
9322           0.07019192117560161
9325           0.09200711892971307
9369           0.03337309807398709
9407           0.04474985531471445
9417           0.12950830752398837
9418           0.03079313639991816
9429           0.00755829037254134
9454           0.030257240534718708
9457           0.03224465483883503
9518           0.029494708911113356
9552           0.023174843358954946
9559           0.030014678718237958
9566           0.025705371092795765
9609           0.025260425182859283
9611           0.048154308831761215
9642           0.020769114403353942
9699           0.045630491505384396
9715           0.043157493479901776
9760           0.17113323181871037
9882           0.014377120031370694
9907           0.023028131352381766
9915           0.11574198326648202
9988           0.020469253794667245
10065          0.02987007791949783
10157          0.04872760582734674
10202          0.06594049048660917
10243          0.062266533444008176
10254          0.04872760582734674
10302          0.023050850517335002
10318          0.04932662867662321
10348          0.025705371092795765
10404          0.02252797203735523
10448          0.043157493479901776
10452          0.05287417628138158
10562          0.026356584025503678
10586          0.0691630498257647
10603          0.034417299806524186
10631          0.030522275760338384
10637          0.025173331795615008
10733          0.01430505162128716
10734          0.02645248850175472
10778          0.03443005948217654
10800          0.027350966975841242
10829          0.022955425165074088
10872          0.05562412220910326
10880          0.048154308831761215
10881          0.08703409817840772
10882          0.020588323928709917
10935          0.020672671268231645
10995          0.03966834091465133
11005          0.02925066800573832
11009          0.048154308831761215
11020          0.00983428884654752
11036          0.04474985531471445
11064          0.01693877788531881
11188          0.0855791912447995
11199          0.05133170788720175
11303          0.023177031489680103
11480          0.0526920640204589
11607          0.030522275760338384
11617          0.015631455655598717
11620          0.0773513939861079
11874          0.022617711782499796
11909          0.05916941912204582
11911          0.021138852025434012
11938          0.040469020518060346
11946          0.027879960761328967
11987          0.013042605655862738
11988          0.06960706479309911
12011          0.027145567837757734
12032          0.020891131865515115
12045          0.023101269032940762
12067          0.05062730685724383
12090          0.0398955116421651
12118          0.02925066800573832
12138          0.028776622523832167
12158          0.045365936734236834
12167          0.018502025675249636
12172          0.048154308831761215
12185          0.01966857769309504
12186          0.029494708911113356
12250          0.11223436333304165
12251          0.052713168051007356
12298          0.066413103898043
12320          0.04518230891440418
