311
t_index            tf-idf
6              0.04012968485780531
15             0.03982503373374528
36             0.03895479366965011
106            0.06013409657002238
107            0.048782943029418276
111            0.026706043646354607
119            0.08994055406288302
141            0.05012132962203508
177            0.05012132962203508
178            0.11442980270558899
188            0.033982880972747806
210            0.020044588967068514
283            0.06484711319192647
302            0.06484711319192647
303            0.03867815903472836
330            0.025367657053737808
338            0.04012968485780531
344            0.009999404285149317
374            0.027243886331993115
380            0.03690164374494097
390            0.021593391606491884
500            0.0565064200391994
505            0.033439943316580956
522            0.10424142795613377
525            0.03867815903472836
576            0.15059550098312335
628            0.020701644697263016
635            0.04411693067294349
641            0.032101556723964156
674            0.061365058860479216
677            0.027435544367489365
689            0.05085083034316984
755            0.06484711319192647
768            0.012735066961812544
835            0.045971837618802795
853            0.03621385217006871
886            0.04240619089444444
949            0.07587290980135103
951            0.012391687389213719
955            0.04689659710470238
978            0.0318095786675832
982            0.042892171710768597
1072           0.12189995301938095
1105           0.03535398097921229
1112           0.03577623752021643
1161           0.03814326756852966
1204           0.06939145984898114
1291           0.05777423119988987
1329           0.05431253077152985
1346           0.026018252071482333
1411           0.06724244012146921
1456           0.03788448175267634
1521           0.03907047019097118
1539           0.03738303100271714
1568           0.04548062342977485
1582           0.03535398097921229
1738           0.024411458588981624
1877           0.07587290980135103
1897           0.034747142652044594
1925           0.02126727200813948
1967           0.05204359488673586
1969           0.04369467413193935
1986           0.06753221664862397
1998           0.028098082886610472
2038           0.1119124385194247
2076           0.01707228627718592
2106           0.06420311344792831
2177           0.026909998980711204
2198           0.033439943316580956
2283           0.026308219756686783
2369           0.023524334971682007
2522           0.06753221664862397
2626           0.010024657340900483
2651           0.0198142838193016
2673           0.03867815903472836
2734           0.041092844894435744
2823           0.01893476357664441
2828           0.042892171710768597
2850           0.051627427314832365
2890           0.02094975816062161
3166           0.049433538047162814
3239           0.05535954534018248
3333           0.045008677582172356
3334           0.042892171710768597
3394           0.053615178399202545
3436           0.01653936922671878
3553           0.03690164374494097
3576           0.045971837618802795
3585           0.030061432938659764
3591           0.027762254300016546
3637           0.03292044926342241
3655           0.02126727200813948
3674           0.019148690573703577
3696           0.05012132962203508
3713           0.06753221664862397
3716           0.07681548287547652
3723           0.048165726886472346
3798           0.02765236242530381
3877           0.0591915234958969
3926           0.01893476357664441
4018           0.019532465864614577
4041           0.039560290866670275
4052           0.04202518842560735
4074           0.016936828073941177
4092           0.07526228893215146
4094           0.018466896046874213
4098           0.03342879776424969
4135           0.08421360295407808
4140           0.05245762382567055
4196           0.05245762382567055
4200           0.05777423119988987
4403           0.048782943029418276
4443           0.06828039788273588
4544           0.16759806528497287
4615           0.018022873359524915
4763           0.020102860638568067
4794           0.033982880972747806
4818           0.015069099521488905
4842           0.0591915234958969
4852           0.005983086031010483
4911           0.07587290980135103
4924           0.047018852187455426
4932           0.029605908551128202
4982           0.0865734683242106
4986           0.03326427484416262
4996           0.04759095171040586
5065           0.0591915234958969
5103           0.02929045131334867
5174           0.04012968485780531
5215           0.03172730114027057
5238           0.029165755102652513
5452           0.36783937648239046
5585           0.09515726220260701
5599           0.028443553791295127
5755           0.04012968485780531
5785           0.08578434342153719
5791           0.03365897803393335
5822           0.03621385217006871
5930           0.12026819314004476
5995           0.06484711319192647
6001           0.04177449706192363
6011           0.03690164374494097
6022           0.025367657053737808
6045           0.031079015387939276
6056           0.04152639019130739
6102           0.029416453267266662
6186           0.029165755102652513
6210           0.037139930277047796
6386           0.026406449499317534
6425           0.0303374658820013
6440           0.041693355246033015
6502           0.051627427314832365
6528           0.05535954534018248
6645           0.06048424761488783
6671           0.07587290980135103
6735           0.022203650202757125
6760           0.04984716338287111
6763           0.08088449975338244
6766           0.04897230816856552
6790           0.07587290980135103
6795           0.03788448175267634
6940           0.016802877785538264
6983           0.05245762382567055
6986           0.03840774143773826
6994           0.048782943029418276
7004           0.04012968485780531
7005           0.08152630187585151
7016           0.1130128400783988
7089           0.035148282352328336
7192           0.021659689717174982
7193           0.03379916631036131
7241           0.031334859445701656
7243           0.034747142652044594
7300           0.07099391707698398
7366           0.031788991705078255
7367           0.0565064200391994
7369           0.03494604100937824
7376           0.03867815903472836
7440           0.08421360295407808
7473           0.05535954534018248
7483           0.03763114446607573
7523           0.050022190723784436
7524           0.007119125000660328
7529           0.027587203898782237
7534           0.037139930277047796
7539           0.01662656581587926
7541           0.02270066206795071
7592           0.030897244795849384
7747           0.05535954534018248
7821           0.02094975816062161
7930           0.03895479366965011
7938           0.009848988868482147
7939           0.07099391707698398
8065           0.06265322392425692
8084           0.017725404216975337
8194           0.022273407364195988
8208           0.027435544367489365
8261           0.07099391707698398
8298           0.025828750884988653
8310           0.016484390771962867
8334           0.05334937073489942
8373           0.049433538047162814
8390           0.06079831697839762
8459           0.022773369700936765
8481           0.03763114446607573
8498           0.041092844894435744
8542           0.01964440226853944
8567           0.07587290980135103
8586           0.09194367523760559
8602           0.0591915234958969
8807           0.026406449499317534
8820           0.03416944403771572
8840           0.0591915234958969
8852           0.028327291276718236
8874           0.014469195776995871
8933           0.03379916631036131
8945           0.02722256399959711
9011           0.018517991990524733
9037           0.04044224987669122
9047           0.06753221664862397
9101           0.035563257152324175
9133           0.06079831697839762
9222           0.06079831697839762
9245           0.06484711319192647
9251           0.04128081506761489
9257           0.017535153982789358
9313           0.06484711319192647
9322           0.019581950766053756
9342           0.12132674963007366
9407           0.04369467413193935
9457           0.03148434058101822
9469           0.03621385217006871
9543           0.06753221664862397
9551           0.03075483985988347
9558           0.07587290980135103
9559           0.014653473140247529
9566           0.025099250163853892
9602           0.026018252071482333
9638           0.14198783415396796
9643           0.045971837618802795
9648           0.018466896046874213
9659           0.03574018450517484
9760           0.04177449706192363
9786           0.048782943029418276
9805           0.021139259347115292
9922           0.0591915234958969
10048          0.040763150937925756
10049          0.04178063646930802
10051          0.07587290980135103
10065          0.058331510205305026
10124          0.029672485833674496
10125          0.10484314162125792
10128          0.0672364287587906
10134          0.042510137190442776
10167          0.03455147855804154
10213          0.05245762382567055
10302          0.037512203288540234
10305          0.028327291276718236
10333          0.16842720590815616
10376          0.01302349006365706
10413          0.03814326756852966
10444          0.02192859647523423
10454          0.06484711319192647
10460          0.030614100516923048
10477          0.04455454532279577
10514          0.04012968485780531
10603          0.016802877785538264
10627          0.034747142652044594
10719          0.051627427314832365
10733          0.027935490054073336
10772          0.040763150937925756
10778          0.0336182143793953
10791          0.08421360295407808
10882          0.0603085819157042
10918          0.032101556723964156
11020          0.01920480159979268
11051          0.014954315726010525
11122          0.1086250615430597
11128          0.047578631101303503
11129          0.08135241287731534
11140          0.03840774143773826
11147          0.035563257152324175
11171          0.03599305557803087
11201          0.014653473140247529
11221          0.031041355220677767
11480          0.025724804588990315
11620          0.01888187084687005
11726          0.06484711319192647
11727          0.049433538047162814
11736          0.03952790563378089
11777          0.04178063646930802
11793          0.042892171710768597
11810          0.023525681948616987
11874          0.014722930968099226
11880          0.05245762382567055
11911          0.06192122260142235
11938          0.03951477946776681
11985          0.04385719295046846
11987          0.012735066961812544
12011          0.026505487726286883
12033          0.029672485833674496
12046          0.07099391707698398
12119          0.02466479587558224
12138          0.028098082886610472
12185          0.00960240079989634
12186          0.028799237124320733
12240          0.08421360295407808
12245          0.015376726274530022
12250          0.18264654703924116
12251          0.102940431170224
12303          0.06753221664862397
