347
t_index            tf-idf
29             0.023737270455847233
36             0.031162892049941278
117            0.027334728171938712
119            0.03597513313691627
169            0.030104004725501
210            0.03207037200419656
220            0.029150138844929015
236            0.0529552076408402
237            0.03564255783262558
246            0.14591154594860942
330            0.020293511628620656
338            0.032102776562676696
390            0.017274190625465553
413            0.04735178608868668
456            0.013730341673198294
478            0.02828232905387548
501            0.04735178608868668
513            0.029905519960304956
546            0.06736884400543465
587            0.05042870030547668
594            0.03476111645553683
674            0.07363584265614913
711            0.014027698754582336
721            0.06736884400543465
723            0.060696491366518675
744            0.018102165184570085
746            0.06736884400543465
824            0.056793415281164966
837            0.044286296315670666
951            0.03965219990139964
978            0.012723446497732585
1056           0.025680468373353523
1121           0.02220913146533949
1173           0.027486324534330416
1177           0.12916408703044205
1196           0.06736884400543465
1204           0.013877872071405693
1339           0.044286296315670666
1340           0.060696491366518675
1466           0.0240529108666844
1533           0.014773069853392383
1546           0.03806175325860011
1590           0.06736884400543465
1611           0.05012106264224897
1618           0.051664333068478924
1765           0.04863718198286981
1810           0.04953547930179143
1910           0.06324273549858306
1914           0.12122667369140011
1976           0.03761394367675468
1990           0.03314445893157494
2009           0.06736884400543465
2038           0.14068566602838667
2101           0.021862204907684354
2163           0.03987652417490396
2172           0.04735178608868668
2237           0.06736884400543465
2248           0.032352821012269516
2352           0.00991304997534991
2431           0.0385314156763078
2446           0.08117404651448262
2476           0.022477786206013022
2574           0.01875807128484472
2598           0.05402413872760268
2626           0.04009741614875034
2632           0.05402413872760268
2673           0.18564954622703214
2676           0.030104004725501
2686           0.06736884400543465
2801           0.02518671039847582
2823           0.015147352552655166
2836           0.022661147370198424
2896           0.024717047980768132
2903           0.051876120954139786
2938           0.044286296315670666
2945           0.03677635736441699
3107           0.04441826293067898
3147           0.02177739228799982
3234           0.026186166163281736
3256           0.03954563391797928
3265           0.04863718198286981
3326           0.017116811042675675
3357           0.06277880123936824
3442           0.03954563391797928
3451           0.1347376880108693
3478           0.02689375778758397
3585           0.012024209362760278
3593           0.023841338172805687
3655           0.017013302840382914
3674           0.030636977944563843
3676           0.04735178608868668
3730           0.021693320399342797
3752           0.11032093701770318
3879           0.06736884400543465
3902           0.05402413872760268
3911           0.017465718345485298
3936           0.056793415281164966
3964           0.033710867591400975
3978           0.032352821012269516
3994           0.030941591037838688
4018           0.0156254999158776
4023           0.027796873080429333
4098           0.013371114540111853
4108           0.04863718198286981
4162           0.0937529994952656
4163           0.02518671039847582
4171           0.024832332832493503
4191           0.024832332832493503
4342           0.027486324534330416
4348           0.012990857306109596
4373           0.01804469534185214
4380           0.051876120954139786
4506           0.1360283232434188
4608           0.10113260277420293
4615           0.0036044656127277737
4649           0.11284183103026404
4690           0.0194619586414966
4693           0.056793415281164966
4699           0.06940631660139383
4703           0.02437925296852177
4781           0.02460312747885203
4782           0.024832332832493503
4791           0.03495468169279147
4814           0.051876120954139786
4818           0.012054914875440501
4841           0.08260138445974018
4852           0.01914529602606066
4917           0.019731239698580337
4922           0.020078792613398927
4932           0.04736802048257536
4933           0.10024212528449794
4968           0.056793415281164966
4972           0.056793415281164966
4979           0.024269238398922695
4992           0.025779411453453357
5025           0.04196482934395381
5110           0.03761394367675468
5215           0.012690536482555467
5303           0.01857471012065932
5342           0.026200928640147295
5376           0.03761394367675468
5416           0.013161841731577535
5460           0.03342349789123091
5464           0.03690876285614563
5612           0.06044950434399211
5618           0.03431269918011692
5623           0.04344871000333298
5634           0.056793415281164966
5741           0.02043936548051382
5742           0.044286296315670666
5791           0.008975455908181952
5796           0.021693320399342797
5805           0.0400958505301469
5822           0.08691061558112875
5831           0.014334534932697244
5938           0.0400958505301469
5996           0.01482427568837688
6070           0.032102776562676696
6134           0.030725263505600394
6138           0.040442810297335964
6150           0.011034547690689796
6168           0.055906329768814066
6181           0.15818253567191712
6202           0.046610336479270494
6218           0.023038692625012933
6239           0.044319209560177146
6246           0.01540521181165864
6260           0.1347376880108693
6273           0.042678205286946394
6282           0.05942209052785785
6364           0.060696491366518675
6370           0.06736884400543465
6398           0.013300850213080927
6436           0.04344871000333298
6440           0.011117891675073101
6447           0.04130069222987009
6550           0.03954563391797928
6609           0.026610614726367974
6618           0.023841338172805687
6645           0.06451457879198663
6654           0.015581037157552073
6683           0.1202875515904407
6735           0.01776238273140344
6766           0.013058887059664345
6816           0.02177739228799982
6887           0.03564255783262558
6911           0.022121220625459806
6940           0.013441895521244805
6970           0.059606276257681584
6990           0.054669456343877425
7013           0.01580543356709703
7176           0.044595705109587186
7181           0.07510483880213402
7192           0.03465445501858359
7246           0.019595657597182407
7299           0.03292617245643058
7334           0.05012106264224897
7383           0.04989803022075107
7416           0.04735178608868668
7470           0.021203675973099127
7471           0.015246577248905921
7524           0.028475638424246417
7526           0.06736884400543465
7529           0.02206909538137959
7534           0.029711045263928926
7541           0.05447994058073254
7607           0.042678205286946394
7847           0.039599507307485904
7866           0.0770628313526156
7875           0.036383397902844915
7937           0.02089067485155004
8001           0.05012106264224897
8034           0.051876120954139786
8086           0.04178134970310008
8098           0.02043936548051382
8219           0.042678205286946394
8238           0.011545791901190112
8263           0.03342349789123091
8325           0.02828232905387548
8366           0.02313543886713128
8369           0.03431269918011692
8411           0.04344871000333298
8430           0.02394654326438155
8437           0.04130069222987009
8461           0.03564255783262558
8469           0.0832558875816577
8542           0.01571504632963994
8636           0.032102776562676696
8647           0.03162136774929153
8692           0.01804469534185214
8707           0.04513806041461048
8737           0.020513129596735534
8880           0.028970205193709585
8941           0.025554634293105817
8945           0.04355478457599964
8969           0.05942209052785785
8970           0.017651735880280066
8990           0.06736884400543465
9011           0.01481394537155516
9014           0.060696491366518675
9026           0.029520421805877203
9061           0.029905519960304956
9071           0.1347376880108693
9083           0.016318329063314277
9191           0.05012106264224897
9211           0.04735178608868668
9251           0.016511826433930475
9290           0.06736884400543465
9316           0.09416820185905238
9322           0.07049288987669683
9324           0.040679433449770694
9325           0.11498869108884675
9422           0.1323605314632947
9428           0.04588581809606993
9466           0.06736884400543465
9552           0.018102165184570085
9559           0.011722423830523895
9566           0.020078792613398927
9568           0.020293511628620656
9588           0.04196482934395381
9602           0.020813971895414424
9612           0.028620124066121834
9648           0.014773069853392383
9659           0.05718256505347581
9738           0.05012106264224897
9760           0.11696505279873885
9764           0.25606923172167834
9799           0.03954563391797928
9802           0.03495468169279147
9867           0.04520376831522379
9924           0.051876120954139786
9928           0.03954563391797928
9950           0.09861984383718986
10007          0.0360058526480304
10094          0.08643990565983795
10131          0.060696491366518675
10151          0.020366162313568994
10156          0.02203410536970085
10157          0.03806175325860011
10176          0.025937181455054553
10260          0.02647210629265894
10305          0.04532229474039685
10309          0.021203748625906682
10332          0.03529247670503782
10341          0.06736884400543465
10348          0.020078792613398927
10376          0.020836953644728325
10412          0.02284806916696121
10554          0.03954563391797928
10562          0.041174926651343174
10603          0.02688379104248961
10612          0.02256903020730524
10630          0.022942909048034966
10733          0.011173857937740105
10781          0.04344871000333298
10867          0.04130069222987009
10930          0.06736884400543465
10935          0.010765124473049021
10936          0.04130069222987009
10944          0.015147352552655166
10953          0.16207241618280804
10972          0.0342031042088673
10980          0.05012106264224897
10982          0.0400958505301469
11020          0.015363376435007427
11051          0.011963090617355364
11055          0.022942909048034966
11064          0.026462190104624816
11090          0.017168985533889694
11096          0.03162136774929153
11138          0.026200928640147295
11143          0.030104004725501
11147          0.028449744926915814
11303          0.018103874361336404
11344          0.056793415281164966
11534          0.06736884400543465
11617          0.012209929015273839
11620          0.015105039649083829
11700          0.060696491366518675
11721          0.03677635736441699
11736          0.03162136774929153
11839          0.03314445893157494
11860          0.051876120954139786
11868          0.03314445893157494
11874          0.02551897489181144
11877          0.05402413872760268
11889          0.09254175546852512
11892          0.0340070808108547
11898          0.026610614726367974
11920          0.04196482934395381
11926          0.02220913146533949
11937          0.1347376880108693
11946          0.04355478457599964
11958          0.012335763095521542
11987          0.04075098128823462
12032          0.032636658126628554
12033          0.023737270455847233
12042          0.051876120954139786
12070          0.02043936548051382
12110          0.025680468373353523
12138          0.022477786206013022
12158          0.011811970244286239
12185          0.015363376435007427
12186          0.023038692625012933
12250          0.014611281674206127
12255          0.018218144540106104
12295          0.20210653201630396
