473
t_index            tf-idf
25             0.024336427707916452
68             0.015005288769746815
76             0.013927527392532401
103            0.015231169964394494
200            0.0449262836304338
202            0.030031217359832985
210            0.011475232087503917
216            0.029555942079518897
257            0.04343612386141566
262            0.015956973189192595
322            0.05383520133294116
344            0.028622558710828718
435            0.008648881677341189
481            0.030541729337081682
484            0.027574169547385383
505            0.05743162573917253
562            0.03480614139820779
619            0.040962738566166765
637            0.02869372332314045
646            0.023719111122552313
647            0.04343612386141566
732            0.03586804831679957
800            0.03586804831679957
845            0.019043307632120005
886            0.01213845999187662
912            0.018198729754090794
925            0.030031217359832985
936            0.01621695722195728
941            0.015524352901080618
957            0.013648215110501051
1013           0.04343612386141566
1018           0.04343612386141566
1019           0.0510136425318844
1028           0.015288816821557777
1054           0.04252412662020942
1063           0.07657550098556337
1075           0.04343612386141566
1099           0.027574169547385383
1105           0.020239633629813073
1176           0.040642972355174375
1180           0.02631820024004997
1226           0.030031217359832985
1251           0.03307489681055829
1307           0.015768228252840185
1319           0.03586804831679957
1385           0.03866119982304086
1456           0.021688308068626223
1463           0.03311274723122641
1478           0.03712401762413499
1484           0.03586804831679957
1518           0.048672855415832904
1521           0.007455756329815247
1540           0.02693621314168189
1550           0.09782640459941354
1551           0.029555942079518897
1582           0.020239633629813073
1608           0.09674762560927244
1614           0.06777255156933211
1616           0.04343612386141566
1634           0.021688308068626223
1718           0.040642972355174375
1722           0.08242197771675962
1723           0.040642972355174375
1725           0.017688217776842097
1726           0.029111351746291255
1759           0.02631820024004997
1783           0.04783759856953129
1789           0.02869372332314045
1793           0.024555136846496416
1810           0.023632658890659627
1879           0.027927516702574984
1954           0.08657460144451798
1967           0.0099313972958736
2074           0.027574169547385383
2094           0.029555942079518897
2096           0.12617025029445042
2098           0.022973653792465593
2109           0.024555136846496416
2146           0.021401234896625116
2153           0.029111351746291255
2192           0.0224631418152169
2199           0.061083458674163364
2203           0.03480614139820779
2211           0.07173609663359914
2220           0.05585503340514997
2230           0.03480614139820779
2257           0.06642802988428734
2274           0.03708569639137263
2322           0.029555942079518897
2334           0.12216691734832673
2344           0.040642972355174375
2363           0.03712401762413499
2369           0.0067336677231879215
2390           0.08128594471034875
2409           0.030541729337081682
2415           0.017606693047484977
2564           0.027927516702574984
2594           0.027927516702574984
2612           0.03169252470484538
2618           0.020605494429189904
2626           0.005738968744808172
2630           0.03307489681055829
2639           0.013037418884573819
2651           0.011343385780956344
2663           0.033886275784666055
2696           0.042069618426409806
2725           0.05207397469695902
2726           0.023918799284765646
2752           0.21849227985377917
2776           0.012438018458153207
2817           0.015464709591438272
2857           0.04343612386141566
2876           0.08128594471034875
2880           0.02352504873380868
2895           0.016021055132513493
2946           0.02603698734847951
3056           0.040642972355174375
3092           0.021688308068626223
3101           0.04343612386141566
3112           0.03169252470484538
3115           0.020605494429189904
3127           0.02183645913836129
3163           0.030541729337081682
3173           0.027574169547385383
3176           0.02661138317673609
3234           0.009369780124978877
3263           0.012399853489450474
3264           0.01213845999187662
3274           0.023918799284765646
3277           0.07811096204543855
3300           0.03109312427842477
3317           0.02279924550901058
3318           0.03586804831679957
3324           0.01837766862582538
3326           0.03674782056540239
3338           0.02691760066647058
3355           0.05189329006404714
3366           0.03866119982304086
3414           0.021688308068626223
3436           0.009468545389946958
3457           0.03712401762413499
3466           0.028737902416032083
3471           0.07732239964608172
3475           0.023918799284765646
3591           0.031786963742523176
3593           0.01706153509998649
3631           0.027574169547385383
3637           0.03769294509788272
3648           0.02603698734847951
3655           0.024350400256390736
3660           0.04343612386141566
3661           0.0272380658535917
3722           0.05322276635347218
3784           0.01837766862582538
3817           0.12192891706552313
3819           0.019349525121854488
3860           0.021401234896625116
3871           0.016987061301880334
3882           0.022629144046096467
3896           0.014679775023051407
3911           0.01874844216617061
3986           0.0224631418152169
4018           0.01118204915081779
4041           0.007549228038383573
4074           0.048480423642992494
4088           0.029111351746291255
4090           0.0203594411579589
4098           0.009568747290882924
4120           0.07576887996437456
4169           0.04343612386141566
4191           0.017770718873464802
4236           0.018655105820271564
4331           0.030811156495699016
4373           0.012913293738467295
4402           0.007530431957879982
4415           0.08128594471034875
4426           0.29609360733117635
4432           0.038699050243708975
4438           0.0144710087669733
4440           0.054862854609788125
4445           0.09099364877045397
4447           0.029555942079518897
4462           0.06218624855684954
4544           0.011993428124925562
4615           0.0025794574164631325
4646           0.04518320550444113
4746           0.02631820024004997
4755           0.040642972355174375
4757           0.032349093585760186
4778           0.018655105820271564
4786           0.022301045883977463
4807           0.09922469043167485
4811           0.0131214291846708
4833           0.04343612386141566
4852           0.04452797270804084
4874           0.02012187419421416
4879           0.04343612386141566
4894           0.033886275784666055
4896           0.03368097285383902
4917           0.04236069757203041
4986           0.019043307632120005
4996           0.009081706406972992
5023           0.08128594471034875
5060           0.01856137975908147
5069           0.03712401762413499
5095           0.03712401762413499
5129           0.025256293321458186
5146           0.02412444916022929
5150           0.0272380658535917
5215           0.009081706406972992
5232           0.0743430541234323
5242           0.03712401762413499
5345           0.018468911803863428
5352           0.03169252470484538
5371           0.016085738793023118
5392           0.060924679857577976
5414           0.023918799284765646
5456           0.05322276635347218
5464           0.039619430025460256
5515           0.020481369283083382
5529           0.02691760066647058
5546           0.020481369283083382
5552           0.03866119982304086
5554           0.04343612386141566
5569           0.027927516702574984
5599           0.016283515799937524
5612           0.0576791639611469
5616           0.030031217359832985
5617           0.015405578247849508
5622           0.06006243471966597
5631           0.022301045883977463
5663           0.03109312427842477
5733           0.03712401762413499
5741           0.014626987337691038
5750           0.02691760066647058
5753           0.03866119982304086
5791           0.0064230897991497385
5839           0.04343612386141566
5913           0.040642972355174375
5931           0.024336427707916452
5965           0.0224631418152169
5996           0.010608670459513636
5998           0.026498794864521953
6018           0.03586804831679957
6040           0.11822376831807559
6045           0.017792278764789587
6054           0.03422698052288971
6071           0.03109312427842477
6076           0.02352504873380868
6107           0.030929419182876543
6135           0.0255068212659422
6162           0.03480614139820779
6168           0.013336049634300516
6239           0.010572026117464555
6240           0.01945469906142621
6265           0.01811097367267532
6268           0.027387975530977247
6270           0.03586804831679957
6304           0.040642972355174375
6329           0.033886275784666055
6343           0.033886275784666055
6386           0.015117303582999663
6389           0.02869372332314045
6397           0.05890724788619201
6398           0.028555392460603297
6425           0.017367752589720974
6438           0.032349093585760186
6440           0.00795627735646453
6479           0.05153361059741376
6495           0.017606693047484977
6537           0.03712401762413499
6548           0.01894418708417751
6550           0.028299972772183487
6558           0.018287618203262707
6586           0.03480614139820779
6604           0.016556373615613205
6634           0.0192459328053481
6700           0.023918799284765646
6707           0.02198786653490281
6711           0.028299972772183487
6735           0.012711262859268015
6745           0.02691760066647058
6777           0.03586804831679957
6779           0.10794085312433005
6792           0.023152592664200184
6811           0.06218624855684954
6813           0.04594730758493119
6860           0.0384918656106962
6893           0.025014557668187876
6922           0.06209741160432247
6932           0.03307489681055829
7013           0.011310814754648315
7030           0.010120142232226008
7111           0.04343612386141566
7138           0.013163821682951308
7151           0.025014557668187876
7152           0.03307489681055829
7164           0.016441741593430398
7195           0.031048705802161236
7200           0.03866119982304086
7222           0.023152592664200184
7224           0.06777255156933211
7243           0.01989222762137446
7245           0.03480614139820779
7246           0.028046412284273205
7249           0.02768036315385649
7259           0.00781790451297137
7299           0.011781449577238402
7315           0.021688308068626223
7366           0.018198729754090794
7450           0.027927516702574984
7470           0.03034789903499763
7480           0.03307489681055829
7494           0.010011655592792046
7508           0.040642972355174375
7524           0.004075594255224895
7534           0.02126206331010471
7539           0.019036928307068865
7585           0.04343612386141566
7612           0.02086066283139792
7638           0.029111351746291255
7651           0.040642972355174375
7821           0.023986856249851123
7829           0.032349093585760186
7875           0.02603698734847951
7933           0.0255068212659422
7942           0.03339393083690517
7954           0.020481369283083382
7957           0.022301045883977463
7972           0.01570644524470858
8086           0.014949957072824037
8110           0.038287750492781686
8141           0.03586804831679957
8150           0.04343612386141566
8157           0.010779445290287556
8187           0.01691338403025142
8210           0.010572026117464555
8216           0.03480614139820779
8238           0.01652498969239803
8310           0.03302974861896918
8312           0.022048809520863345
8327           0.04911027369299283
8366           0.016556373615613205
8369           0.024555136846496416
8450           0.03866119982304086
8461           0.0255068212659422
8542           0.01124613109413869
8571           0.1144550661810469
8610           0.034273645670998026
8667           0.019669990308975614
8702           0.03307489681055829
8758           0.03537643555368419
8796           0.03307489681055829
8874           0.024850204701130654
8877           0.04594730758493119
8920           0.044285353256191554
8926           0.013840181576928245
8934           0.22846754946591738
8953           0.016556373615613205
8984           0.01388018178189676
8992           0.02869372332314045
9001           0.03382676806050284
9022           0.03712401762413499
9049           0.03866119982304086
9061           0.04280246979325023
9067           0.027927516702574984
9130           0.1147748932925618
9135           0.017136822835499013
9149           0.02603698734847951
9153           0.021688308068626223
9178           0.030541729337081682
9208           0.12012486943933194
9212           0.029111351746291255
9220           0.03307489681055829
9257           0.010038617502868887
9262           0.024336427707916452
9298           0.08128594471034875
9322           0.022420757056751464
9399           0.03586804831679957
9454           0.01691338403025142
9533           0.12801332742283894
9547           0.012671558085196984
9562           0.01206556238854471
9564           0.01706153509998649
9597           0.04024374838842832
9598           0.3400913315168375
9599           0.07173609663359914
9609           0.014120232524010137
9640           0.03641537997562986
9642           0.011609651166605202
9655           0.014071548510566557
9657           0.024555136846496416
9704           0.022973653792465593
9788           0.016696965418452586
9833           0.013379787935080233
9882           0.008036613651551339
9890           0.02099188126033208
9909           0.023918799284765646
10037          0.03109312427842477
10055          0.03109312427842477
10167          0.019780212808121617
10175          0.0610783234738767
10176          0.03712275951816294
10302          0.01718014730286908
10308          0.03712401762413499
10410          0.0192459328053481
10449          0.024781018041144097
10474          0.016768352163300363
10485          0.018750124695433877
10497          0.030541729337081682
10603          0.03847760064200799
10609          0.04343612386141566
10612          0.016151035577936228
10620          0.03712401762413499
10664          0.040642972355174375
10829          0.012831769009110172
10856          0.03169252470484538
10865          0.10426546389420567
10893          0.016626310858250313
10909          0.015405578247849508
10935          0.015407654362467767
10952          0.056599945544366974
10963          0.0576791639611469
10972          0.04079451264846313
11005          0.016350723740149557
11020          0.005497233091537862
11055          0.016418593838215784
11064          0.028405636169840872
11071          0.0224631418152169
11085          0.03243391444391456
11094          0.02576680529870688
11109          0.018468911803863428
11200          0.03480614139820779
11201          0.008388897644576504
11203          0.017854220007721664
11226          0.029555942079518897
11260          0.013079295969346861
11299          0.0224631418152169
11303          0.0129556439165821
11354          0.04343612386141566
11397          0.040642972355174375
11398          0.040642972355174375
11477          0.020006094002769294
11518          0.040642972355174375
11558          0.04343612386141566
11598          0.04343612386141566
11617          0.03495108050605242
11628          0.03586804831679957
11641          0.05911188415903779
11720          0.040642972355174375
11736          0.022629144046096467
11746          0.051410468506497047
11752          0.07084631522901354
11800          0.03978445524274892
11857          0.0492966083070335
11858          0.09727349530713106
11874          0.015452545585518222
11938          0.011310814754648315
11985          0.012553798649598073
11987          0.007290638350169908
12068          0.02198786653490281
12079          0.014023206142136603
12086          0.040672716701724815
12094          0.017526121845602663
12101          0.029555942079518897
12119          0.014120232524010137
12138          0.016085738793023118
12185          0.032983398549227175
12195          0.040642972355174375
12217          0.040642972355174375
12245          0.03081032295680944
12266          0.017136822835499013
12306          0.040642972355174375
