247
t_index            tf-idf
68             0.023105048706987725
103            0.023452859141322686
200            0.034588603639469744
210            0.05300846928857339
344            0.008814566960759287
373            0.02276828175920717
432            0.03927524199988913
444            0.048799949017257045
456            0.015129736044431954
505            0.029477617978279025
644            0.0356502156944773
682            0.06232971960809632
692            0.057163327448524835
846            0.04981092962588181
853            0.031922844177246106
912            0.028022288929309913
930            0.05577432534078399
936            0.024970768123296936
951            0.010923386547260671
978            0.014020218263170535
1058           0.03537468675195293
1180           0.0810491964210124
1315           0.1190605417448446
1459           0.07423506651770835
1540           0.020738105283090263
1549           0.03385677776997869
1550           0.0215189255485901
1592           0.0654783811133966
1602           0.07423506651770835
1608           0.05958855271068189
1612           0.11432665489704967
1674           0.07423506651770835
1725           0.054472411633653434
1755           0.018412301928387796
1763           0.06688266869506533
1792           0.07423506651770835
1836           0.05359427630138584
1897           0.030629926230343284
2146           0.03295348608506333
2156           0.06258179167843528
2257           0.034095153371971
2339           0.03484421282425757
2352           0.010923386547260671
2369           0.01036845895525896
2415           0.02711067455438157
2455           0.04624187847874281
2564           0.08600522703424066
2623           0.03098353457019422
2647           0.1714899823455745
2651           0.017466473654246813
2661           0.027363240483409785
2674           0.0509867986774218
2696           0.10796422045387355
2725           0.12027476513802399
2752           0.1495257911493633
2864           0.057163327448524835
2895           0.024669119325472718
3055           0.03967556376858298
3248           0.07423506651770835
3277           0.04009158837934132
3278           0.07423506651770835
3302           0.03295348608506333
3341           0.030805256963965712
3355           0.03995247985207158
3482           0.05359427630138584
3512           0.04245853180323878
3533           0.03339551953895646
3648           0.04009158837934132
3730           0.02390430037222043
3867           0.03593309293509768
3883           0.030287726622839694
3911           0.02886873262331915
3926           0.01669116846094056
4074           0.059719879666168714
4098           0.01473389653563043
4120           0.03888948065609979
4265           0.05217787304977927
4269           0.057163327448524835
4293           0.047027961591226006
4312           0.03310380509915481
4348           0.014314883541170855
4426           0.08289510238922805
4431           0.05359427630138584
4440           0.16895495280560724
4445           0.19615602250516936
4526           0.04357611901651918
4568           0.06258179167843528
4615           0.003971832209263574
4662           0.1190605417448446
4778           0.028725013908456585
4804           0.06688266869506533
4810           0.200648006085196
4811           0.060612880912032825
4852           0.010548290867817011
4865           0.03484421282425757
4896           0.025930874447936816
4913           0.1484701330354167
4917           0.021742244699683392
4918           0.06258179167843528
4981           0.041447551194614025
5003           0.04624187847874281
5040           0.06688266869506533
5048           0.04009158837934132
5060           0.02858069511245465
5126           0.0509285168391622
5205           0.06258179167843528
5217           0.04551005260925176
5232           0.11447296435982622
5238           0.02570988170717797
5242           0.11432665489704967
5464           0.020335249225081432
5515           0.03153708283345676
5546           0.03153708283345676
5547           0.07423506651770835
5588           0.032529138784292
5599           0.02507325460054501
5612           0.06661050879211686
5661           0.06258179167843528
5791           0.009890233032897159
5831           0.015795508590637993
5989           0.027363240483409785
6022           0.04472364660159564
6024           0.03484421282425757
6058           0.07423506651770835
6076           0.03622372119387615
6088           0.0509285168391622
6138           0.022282367739185203
6158           0.0713004313889546
6221           0.04300261351712033
6267           0.03045744652963075
6268           0.021085915717425227
6479           0.03967556376858298
6495           0.02711067455438157
6525           0.1484701330354167
6575           0.03815765478660874
6598           0.07423506651770835
6606           0.041447551194614025
6609           0.02932276460213087
6634           0.029634765561828227
6745           0.08289510238922805
6761           0.06688266869506533
6792           0.0356502156944773
6810           0.1484701330354167
6860           0.08890429668548469
6932           0.1527855505174866
6940           0.014811891503781725
7164           0.012658444838123737
7195           0.02390430037222043
7246           0.02159284409077471
7249           0.03196653603493533
7259           0.012037959904041919
7269           0.016189225584599544
7366           0.11208915571723965
7412           0.04289103711501536
7470           0.011682375729617452
7497           0.0509285168391622
7507           0.044825475227136244
7534           0.0327391905566983
7547           0.06917720727893949
7548           0.01869072389367041
7942           0.23138893536460176
8031           0.030629926230343284
8078           0.017169054135951264
8086           0.02301984931015781
8110           0.029477617978279025
8164           0.12048271832740079
8187           0.05208624343262687
8238           0.012722537286157437
8324           0.04194100146211276
8398           0.02507325460054501
8501           0.018861353865914168
8571           0.07553022288494692
8588           0.02887132337123312
8740           0.1484701330354167
8889           0.02775373615795273
8914           0.07423506651770835
8934           0.14071715484793612
8970           0.01945079816301882
9011           0.016323780469772953
9024           0.0405245982105062
9061           0.03295348608506333
9083           0.03596298144511031
9257           0.015457399715108493
9279           0.1484701330354167
9322           0.012946252446209724
9364           0.1018570336783244
9372           0.03232316594593996
9469           0.031922844177246106
9533           0.028159158800934538
9547           0.019511584964775088
9564           0.026271243796117894
9598           0.02276828175920717
9616           0.029794276355340946
9642           0.01787646741036868
9655           0.021667281363813882
9681           0.07423506651770835
9805           0.01863445178356662
9849           0.02236182330079782
9907           0.019820856664743675
10171          0.07423506651770835
10269          0.03967556376858298
10302          0.033067352644549575
10303          0.1190605417448446
10404          0.038780715453369884
10603          0.014811891503781725
10733          0.01231269586874082
10741          0.05217787304977927
10744          0.020602112806550915
10792          0.06968842564851514
10865          0.11467664400098332
10918          0.028297817871834278
10972          0.012563026492644718
11126          0.0254933993387109
11184          0.057163327448524835
11199          0.04418241362356508
11260          0.02013941717897152
11303          0.006649672843496352
11394          0.05359427630138584
11418          0.07423506651770835
11477          0.061610513927931425
11591          0.057163327448524835
11628          0.05522939385579225
11720          0.2503271667137411
11737          0.06688266869506533
11752          0.04363548317383255
11762          0.030629926230343284
11791          0.07423506651770835
11800          0.09188977869102985
11857          0.03795330278214043
11858          0.0299562225220425
11874          0.017304532306947566
11938          0.03483264198803876
11985          0.019330259730921145
11987          0.02245215760530154
12010          0.06905954793047343
12070          0.02252254255547702
12086          0.041751727890037865
12103          0.05522939385579225
12118          0.025176740961648975
12119          0.021742244699683392
12137          0.030629926230343284
12138          0.02476871881666241
12158          0.026031688972399287
12185          0.008464604732547919
12245          0.006777362906778783
12255          0.020074935108800464
12271          0.026986611527509027
