344
t_index            tf-idf
73             0.034720846465717464
76             0.02004503966210334
82             0.04322209722609225
88             0.035025934244484455
104            0.02075352459723158
105            0.024237483714281572
132            0.022343253103023906
214            0.02632025210780437
215            0.06160298094992134
230            0.01919376184452266
236            0.01818058255815806
242            0.051622691584005356
330            0.020901506008327186
335            0.022087928165272663
343            0.0188242319737614
344            0.016477880342122136
362            0.062429314721380774
373            0.02128142108932487
374            0.033671118265990965
428            0.04395684593945079
435            0.01244780723591312
438            0.04561311543651575
450            0.0188242319737614
474            0.04561311543651575
478            0.02912966870728054
490            0.16292169045282828
571            0.04180301201665437
625            0.07005186848896891
628            0.01705697731980108
711            0.014447969142432508
731            0.04322209722609225
736            0.028960184742852457
738            0.09311614986409328
740            0.03671041021998858
772            0.055642703977223845
951            0.020420090658770526
978            0.013104641438395695
1061           0.04877044739964405
1100           0.04655807493204664
1313           0.04475043500642556
1334           0.05661963172415096
1355           0.028960184742852457
1373           0.022257412129700747
1379           0.07748171771787192
1521           0.010730614783946258
1578           0.035665805961248354
1582           0.02912966870728054
1662           0.04019436933703857
1820           0.04561311543651575
1835           0.06938721713238342
1929           0.029477584070932664
1954           0.2768923044391811
1967           0.014293653646133301
2017           0.053430331509626436
2089           0.04561311543651575
2090           0.033322112759458775
2103           0.05599992063338759
2112           0.053430331509626436
2162           0.03787817842884576
2163           0.020535613177402823
2190           0.02260532749335287
2242           0.035665805961248354
2249           0.03142788214820111
2262           0.01547099652544411
2294           0.026985909458047474
2352           0.020420090658770526
2377           0.028468452374125885
2415           0.025340238113230794
2521           0.0302123327842912
2537           0.022343253103023906
2626           0.01651949450423364
2670           0.046871739806915586
2691           0.05849494816158515
2776           0.017901280412870275
3080           0.06373720456271233
3084           0.04889687996181479
3128           0.0302123327842912
3153           0.04189819082206425
3234           0.013485352348406969
3264           0.0174701442055308
3294           0.051152620935957946
3339           0.053430331509626436
3355           0.01244780723591312
3363           0.03920208483287377
3391           0.03534070895170568
3394           0.022087928165272663
3428           0.035025934244484455
3436           0.013627499162965366
3443           0.03142788214820111
3448           0.03747344588686943
3484           0.03186860228135616
3583           0.02830981586207548
3591           0.022874517888162738
3595           0.04561311543651575
3655           0.035046044080240216
3742           0.0275526105808282
3763           0.04189819082206425
3807           0.020535613177402823
3911           0.035977983861901416
3970           0.03080149047496067
4018           0.01609364048724919
4041           0.03259542871812218
4074           0.013954982637914726
4089           0.04253806253882815
4098           0.013771713639941124
4136           0.02200426040727641
4251           0.02930210036624029
4312           0.03094199305088822
4348           0.013380063884755395
4374           0.022343253103023906
4402           0.010838090855194387
4410           0.06938721713238342
4418           0.11128540795444769
4423           0.033127226651756
4443           0.011251832548616777
4573           0.04322209722609225
4615           0.02227473323689885
4685           0.19838746181191502
4811           0.018884871737623085
4818           0.02483216116658056
4852           0.02957833473400991
4863           0.01646781962913161
4895           0.07133161192249671
4896           0.024237483714281572
4948           0.04395684593945079
4996           0.06535372718956516
5004           0.021596195796546088
5032           0.05758709876733712
5172           0.020535613177402823
5364           0.033858166035627274
5371           0.06945366460523353
5510           0.03747344588686943
5531           0.033858166035627274
5575           0.04019436933703857
5582           0.050094353803672054
5616           0.04322209722609225
5671           0.02879354938366856
5794           0.07937163670893368
5831           0.014763998144105927
5834           0.019320063813492914
5857           0.04561311543651575
5858           0.09520535838157372
5996           0.007634205775719863
6020           0.06251496055480364
6026           0.04655807493204664
6045           0.051214680605924594
6056           0.017107691345895504
6062           0.021596195796546088
6076           0.033858166035627274
6107           0.022257412129700747
6143           0.024773536990450064
6144           0.03142788214820111
6197           0.018945884671610496
6202           0.01600226131058294
6209           0.04189819082206425
6215           0.050094353803672054
6220           0.03080149047496067
6246           0.0317335050861103
6277           0.027999960316693794
6329           0.04877044739964405
6348           0.0129697472421053
6398           0.013699344191001757
6440           0.011450984132225622
6661           0.03358651697484468
6805           0.036819662790884
6855           0.038895991060449144
6940           0.013844615221959055
6967           0.053430331509626436
6982           0.026066018422102457
7013           0.01627896495749805
7030           0.029130605413831778
7090           0.021676476158122706
7151           0.03600192528486034
7164           0.02366359462563877
7192           0.03569270380808221
7195           0.022343253103023906
7203           0.04877044739964405
7216           0.05661963172415096
7246           0.020182744243583108
7249           0.029878992245492356
7269           0.015132003829696613
7325           0.04129712373598779
7366           0.02619232039107271
7383           0.05139297710268239
7469           0.02128142108932487
7470           0.01091946945557982
7471           0.023555047924159498
7494           0.014409164511745075
7524           0.005865753926747015
7525           0.06251496055480364
7539           0.013699344191001757
7547           0.03232982825529397
7576           0.021921292806088767
7618           0.03142788214820111
7717           0.04475043500642556
7730           0.03708458936187099
7734           0.04475043500642556
7739           0.033064576968652504
7938           0.008115006426271236
7942           0.02403092269120959
7972           0.02260532749335287
7991           0.033322112759458775
7996           0.27934844959227983
8012           0.05849494816158515
8031           0.028629668454418805
8098           0.04210345929433333
8152           0.0325579299149961
8157           0.015514197336645767
8221           0.06938721713238342
8236           0.04760267919078686
8298           0.02128142108932487
8310           0.061119900200189106
8313           0.021839013740648068
8323           0.16164914127646987
8338           0.044344615995708436
8345           0.053430331509626436
8362           0.05661963172415096
8371           0.023728932731709847
8389           0.03413746818091505
8418           0.03671041021998858
8434           0.04760267919078686
8441           0.07178770169214262
8503           0.1627474622394899
8508           0.06938721713238342
8618           0.021437559284495682
8692           0.01858531510013438
8695           0.04129712373598779
8795           0.028960184742852457
8803           0.03100592185126597
8852           0.04668015241342281
8853           0.032568745128920995
8854           0.04475043500642556
8874           0.01192179403197901
8923           0.03968581835446684
8926           0.009959664081830783
8959           0.04253806253882815
8965           0.02930210036624029
9011           0.015257771737933395
9059           0.04019436933703857
9061           0.03080149047496067
9083           0.03361445364455205
9086           0.050094353803672054
9214           0.02251719739765432
9216           0.028153677666904665
9276           0.01938382332894868
9322           0.06857125622909321
9323           0.03874085885893596
9429           0.012161514416518686
9469           0.02983815364240878
9499           0.04760267919078686
9530           0.020182744243583108
9531           0.050094353803672054
9552           0.01864450674152446
9562           0.03473045427340356
9602           0.021437559284495682
9611           0.03874085885893596
9612           0.029477584070932664
9637           0.03534070895170568
9648           0.015215671587692868
9750           0.06938721713238342
9805           0.017417546891277193
9833           0.0192567117098629
9843           0.07575635685769153
9849           0.020901506008327186
9852           0.050094353803672054
9854           0.032568745128920995
9882           0.023133214511675992
9886           0.05849494816158515
9905           0.025941305199307253
10065          0.02403092269120959
10092          0.04322209722609225
10100          0.024342400783110594
10125          0.043192391593092176
10151          0.020976333310557874
10167          0.028468452374125885
10175          0.05860420073248058
10296          0.01906904862172746
10302          0.043271089524118324
10434          0.04073042261320707
10492          0.05967630728481756
10493          0.033322112759458775
10545          0.033064576968652504
10575          0.07005186848896891
10671          0.04561311543651575
10736          0.04253806253882815
10744          0.09628355854931452
10828          0.026985909458047474
10829          0.018467981535651
10935          0.005543824005710486
10944          0.07800583905425625
10947          0.020322388389892105
10972          0.011742610170317316
10995          0.047870656868270994
11020          0.015823663776929394
11064          0.027254998325930733
11081          0.06938721713238342
11087          0.01609364048724919
11090          0.017683368993041522
11095          0.04561311543651575
11138          0.08095772837414243
11162          0.051622691584005356
11164          0.03920208483287377
11221          0.07672893140393691
11228          0.027699495793074312
11244          0.033858166035627274
11294          0.028153677666904665
11302          0.03920208483287377
11303          0.006215422375097221
11345          0.06251496055480364
11412          0.051622691584005356
11423          0.06251496055480364
11451          0.04760267919078686
11469          0.04475043500642556
11480          0.06358732576770604
11482          0.027999960316693794
11540          0.051622691584005356
11659          0.03920208483287377
11718          0.013699344191001757
11760          0.41518721739262254
11761          0.06329158713605973
11810          0.13568676330264076
11828          0.026066018422102457
11874          0.010109047826727644
11910          0.01327588180020961
11911          0.10203912828882186
11985          0.03613583154410835
12002          0.014723939218966295
12004          0.06938721713238342
12020          0.03671041021998858
12032          0.016807226822276027
12045          0.07434126040053753
12052          0.051622691584005356
12053          0.0275526105808282
12119          0.020322388389892105
12158          0.012165857321752828
12167          0.01488515529925922
12174          0.0302123327842912
12185          0.03164732755385879
12245          0.019004321286037067
12269          0.053430331509626436
12275          0.05849494816158515
12276          0.04253806253882815
12307          0.050094353803672054
12320          0.03634984064851246
