262
t_index            tf-idf
79             0.049192397327745364
90             0.033900888950976725
106            0.028319342401592902
279            0.03183452378026303
319            0.06169673795513581
343            0.021518520787623608
380            0.034756663656789456
392            0.040770608227429214
411            0.04283697339814291
417            0.05901138296169944
435            0.028458892680422634
495            0.027706564489453703
517            0.031664090033568626
594            0.020463468322445295
637            0.047207929482625775
642            0.025153702719465976
711            0.033031777845038475
712            0.041964725389174444
810            0.04481303027768726
894            0.03669047023362688
936            0.02668071216604763
941            0.025541215016406583
951            0.011671396366619216
978            0.014980292401811313
1003           0.05024833440349046
1204           0.016339486441950813
1249           0.04656011713586314
1373           0.025443087731773725
1509           0.05322187405326552
1533           0.03478694332005717
1540           0.022158205754636146
1546           0.04481303027768726
1571           0.021869435214424613
1583           0.027239132033574334
1680           0.05847403168884225
1742           0.07740848611343104
1753           0.06107774813241314
1778           0.0375101258949703
1810           0.019440643548296124
1967           0.049018459325852436
2012           0.06686725704084706
2080           0.04283697339814291
2098           0.03779706857765415
2190           0.07752239936079934
2239           0.02657225554341703
2270           0.03568237228646671
2333           0.11976477799402617
2339           0.07446053789183767
2349           0.05726429610352357
2369           0.03323540561004795
2378           0.019673136430567176
2452           0.02657225554341703
2456           0.034108851310026826
2562           0.04115483589006895
2623           0.03310521981832381
2636           0.045365999974117915
2690           0.06107774813241314
2696           0.06921442566616215
2751           0.05847403168884225
2823           0.01783414347618271
2885           0.06686725704084706
2971           0.03839371320511061
3023           0.06107774813241314
3032           0.05115550888255183
3097           0.03695715619853965
3263           0.020400677964744582
3294           0.05847403168884225
3296           0.05115550888255183
3325           0.1272135494167763
3355           0.028458892680422634
3356           0.029654251815822683
3357           0.03695715619853965
3417           0.06360677470838814
3419           0.05726429610352357
3422           0.04594733922372393
3436           0.04673395829859163
3527           0.05441599121501074
3538           0.028967154748355546
3648           0.08567394679628582
3714           0.02009184058392245
3798           0.026045014871829114
3806           0.048626482306576825
3880           0.019326161457974046
3911           0.01028186694028526
3955           0.030848368977567906
4023           0.03272739714629016
4052           0.01979119614993146
4074           0.03190468375054681
4127           0.03149618132433055
4162           0.018397103151731597
4171           0.029237015844421125
4175           0.05726429610352357
4189           0.6183190217854164
4214           0.07146264878753576
4250           0.07146264878753576
4356           0.04656011713586314
4374           0.025541215016406583
4403           0.04594733922372393
4406           0.03839371320511061
4422           0.030537839125962998
4443           0.06431146644754447
4467           0.06360677470838814
4483           0.047207929482625775
4494           0.027470438645112064
4496           0.047207929482625775
4571           0.04656011713586314
4615           0.004243814664568952
4818           0.028386357382840465
4840           0.06686725704084706
4852           0.08452961211435571
4935           0.04283697339814291
4949           0.06107774813241314
4963           0.017984925707785506
5042           0.025058860069133992
5109           0.06360677470838814
5140           0.04115483589006895
5159           0.07146264878753576
5177           0.047207929482625775
5228           0.04594733922372393
5241           0.03521006934036377
5263           0.06107774813241314
5282           0.04594733922372393
5307           0.06686725704084706
5353           0.09441585896525155
5376           0.04428578960609934
5380           0.018240774734270226
5392           0.050117720138267985
5418           0.047895026550092916
5438           0.047207929482625775
5471           0.05726429610352357
5530           0.032183278391797694
5531           0.03870424305671552
5599           0.026790216694977876
5617           0.025345802751817845
5674           0.04656011713586314
5690           0.026900789577641845
5741           0.02406483742122471
5834           0.022085320419358928
6012           0.04155254794522834
6056           0.019556293843383924
6067           0.016785750018584816
6068           0.13609799992235372
6110           0.030087436922087155
6155           0.03969039785941064
6172           0.047895026550092916
6174           0.029101282119392034
6202           0.01829264498762751
6207           0.06686725704084706
6295           0.07146264878753576
6348           0.014826090967667774
6356           0.04940842202437595
6397           0.019383257954426723
6440           0.013089949190570275
6491           0.05441599121501074
6572           0.03190468375054681
6726           0.05726429610352357
6779           0.039464025131922764
6920           0.037758916198008384
6922           0.025541215016406583
6937           0.11169080683775649
7013           0.018608952881965696
7246           0.023071475222054053
7249           0.022770356727579117
7304           0.07146264878753576
7394           0.07146264878753576
7469           0.02432740431265008
7470           0.012482359482035441
7523           0.02355727661319563
7524           0.006705311960866633
7647           0.020782746634983116
7754           0.04329963480340422
7763           0.05726429610352357
7821           0.019732012565961382
7824           0.04039898048890637
7907           0.06360677470838814
7942           0.027470438645112064
7979           0.09762931922927628
7982           0.24486769523296711
8031           0.03272739714629016
8110           0.03149618132433055
8124           0.05901138296169944
8157           0.053204175079850445
8172           0.06686725704084706
8179           0.041964725389174444
8187           0.027826498207319098
8235           0.09073199994823583
8238           0.06796874522996403
8310           0.007763101687397663
8332           0.040039152470945305
8381           0.03969039785941064
8433           0.024151685590072625
8501           0.040305876941680766
8546           0.030235591065428707
8588           0.030848368977567906
8633           0.05322187405326552
8671           0.06360677470838814
8677           0.05575090062924053
8707           0.02657225554341703
8717           0.04940842202437595
8730           0.047207929482625775
8956           0.05820256423878407
9019           0.05575090062924053
9268           0.05024833440349046
9322           0.02305463955832755
9424           0.06107774813241314
9428           0.02701245186585055
9432           0.04329963480340422
9437           0.031664090033568626
9490           0.05575090062924053
9566           0.023640307245182936
9568           0.023893112460564133
9579           0.03969039785941064
9609           0.023231106460630407
9788           0.027470438645112064
9805           0.01991049862601464
9814           0.06360677470838814
9973           0.05115550888255183
10087          0.03521006934036377
10094          0.025443087731773725
10114          0.06686725704084706
10116          0.0349810993189953
10151          0.02397864970111542
10179          0.030235591065428707
10232          0.04594733922372393
10266          0.05726429610352357
10318          0.022681965046815383
10505          0.07938079571882128
10602          0.033900888950976725
10603          0.047478533126711284
10667          0.04940842202437595
10677          0.047207929482625775
10729          0.05322187405326552
10809          0.03669047023362688
10865          0.04901178074540667
10943          0.021313071707345498
10947          0.04646221292126081
11020          0.009044242506011357
11087          0.036794206303463195
11090          0.020214367513233973
11113          0.03839371320511061
11164          0.04481303027768726
11221          0.029237015844421125
11436          0.06107774813241314
11442          0.06360677470838814
11460          0.07146264878753576
11482          0.03200755966922024
11612          0.014412546131480675
11671          0.06686725704084706
11794          0.026464826961113307
11810          0.022158205754636146
11829          0.03695715619853965
11874          0.009244754574029125
11880          0.04940842202437595
11910          0.015176042182759036
11911          0.019440643548296124
11965          0.04155254794522834
11987          0.011994816331158483
12086          0.022305397830953155
12158          0.013907141286948919
12185          0.009044242506011357
12206          0.03642991552695173
12245          0.007241462019420568
