367
t_index            tf-idf
6              0.030017834221296776
25             0.031798461797765576
33             0.0454783985086895
57             0.03268451992817051
68             0.019606209565178844
76             0.036395970110659405
104            0.01884118648963592
105            0.022004115424384792
131            0.08643263960663021
132            0.08113771644463046
159            0.06933533433888182
201            0.040258471560916796
207            0.03438788531181772
210            0.014993767102321661
216            0.03861838337131268
236            0.03301065752601577
246            0.0454783985086895
344            0.0299190448374483
435            0.011300801288961004
450            0.051269006883165845
455            0.02570120162701274
456            0.012838612864004057
478            0.02644550895072525
493            0.015624093883694814
505            0.0500275383872818
545            0.05051549473010136
552            0.0287297849304743
577            0.06299351668499187
619            0.1873295590344761
628            0.03097051675499323
682            0.0528910179014505
683            0.03861838337131268
713            0.06299351668499187
768            0.009526093469494278
810            0.03558980006785112
825            0.024499286870979332
893            0.07723676674262536
936            0.021189399729799385
937            0.010164032705347657
941            0.020284429111157614
951            0.009269238447537971
964            0.01759769664722855
978            0.02379422271757735
1054           0.027781435961864998
1264           0.041410084840592554
1346           0.03892438129913496
1373           0.02020649797327999
1463           0.4326577591783159
1466           0.02249077395302904
1489           0.031798461797765576
1521           0.01948367982947294
1539           0.027963280332387132
1540           0.01759769664722855
1550           0.03652055178706815
1571           0.017368359650200456
1600           0.05051549473010136
1608           0.025282475422308912
1628           0.01681934863927845
1725           0.023111778112960606
1730           0.026923549967751745
1751           0.03990643266213516
1752           0.0454783985086895
1765           0.090956797017379
1793           0.03208423152006936
1810           0.015439451712746936
1834           0.0295676909159458
1840           0.03697730882586985
1853           0.05051549473010136
1868           0.029138991313881177
1891           0.014527729407890445
1892           0.02437513331367919
1897           0.02599158133159256
1914           0.02833837586418004
1925           0.015908359304132102
1954           0.012568900094636395
1967           0.012976561774041337
1981           0.07723676674262536
2002           0.043216319803315105
2064           0.03803747277521084
2095           0.02259134472218327
2096           0.023550937902370027
2114           0.0422679708347058
2140           0.03803747277521084
2163           0.018643354565714785
2170           0.0250137691936409
2173           0.05198316266318512
2190           0.041044709197816935
2192           0.029350789090405865
2220           0.0729813005944512
2222           0.06299351668499187
2223           0.03822382673876748
2224           0.033000376553798984
2246           0.04850698181215106
2247           0.06299351668499187
2254           0.03402044693931025
2257           0.02893206288570204
2274           0.01615230350838753
2326           0.0680408938786205
2352           0.009269238447537971
2369           0.008798344540311748
2377           0.025845220542624104
2415           0.02300525627569061
2424           0.027781435961864998
2434           0.05675450570754662
2460           0.05947995898857972
2521           0.02742841070724464
2537           0.04056885822231523
2582           0.03697730882586985
2639           0.017034951526913367
2645           0.043448538709883744
2651           0.0444644822661122
2670           0.021276366495202266
2672           0.01655691050988687
2696           0.03664600163547169
2700           0.0351953932944571
2730           0.03861838337131268
2752           0.031720707818579046
2776           0.03250352595116757
2807           0.030251639319780345
2848           0.02181658801240445
2880           0.030738297848424592
2897           0.03558980006785112
2933           0.021364181730247775
3234           0.012242741577913876
3264           0.015860353909289523
3294           0.04643915138234406
3317           0.029789948879815287
3324           0.024012628342335085
3409           0.06299351668499187
3414           0.02833837586418004
3435           0.031521486399754176
3447           0.028531953006553163
3457           0.04850698181215106
3466           0.018774758216195644
3499           0.0885529675053122
3500           0.12423025452177766
3501           0.0531049182441535
3505           0.18898055005497563
3512           0.03602895985726055
3603           0.01911191336938374
3637           0.07387553069366941
3655           0.015908359304132102
3714           0.01595662210178572
3734           0.028531953006553163
3737           0.03803747277521084
3752           0.014736578457051421
3791           0.039239387531244244
3803           0.0364906502972256
3807           0.03728670913142957
3812           0.020052631146186037
3869           0.023894966664290185
3884           0.014652456441040372
3908           0.031798461797765576
3911           0.00816569614822945
3936           0.106209836488307
3995           0.05675450570754662
4009           0.03803747277521084
4018           0.01461068843014095
4025           0.06299351668499187
4041           0.009863971913308919
4074           0.025338195361346585
4094           0.013813620168740779
4162           0.043832065290422856
4312           0.028090836267424712
4364           0.05675450570754662
4426           0.1055132215894419
4440           0.07168489999287056
4445           0.09511529297540608
4564           0.04850698181215106
4576           0.041410084840592554
4615           0.013481482015486546
4649           0.0351710738631473
4763           0.04511206655327102
4778           0.02437513331367919
4852           0.07608302555076867
4963           0.014283343621463211
4996           0.011866338712756691
5001           0.04062689628926297
5004           0.019606209565178844
5032           0.026140361416422165
5147           0.04850698181215106
5187           0.052583284247262586
5215           0.011866338712756691
5234           0.033327721362476734
5262           0.06600075310759797
5301           0.044391266158461964
5338           0.03803747277521084
5357           0.1405977218001247
5361           0.027963280332387132
5464           0.017255845807696055
5515           0.026761365576353727
5546           0.026761365576353727
5569           0.0729813005944512
5612           0.03768237297927184
5690           0.0854567269209911
5791           0.008392537230739154
5831           0.02680713254873778
5996           0.006930750198440068
6001           0.015624093883694814
6022           0.037951064241846466
6043           0.016301907897462158
6045           0.011623873137578813
6062           0.019606209565178844
6107           0.02020649797327999
6113           0.02101794711359358
6126           0.0442764837526561
6187           0.033000376553798984
6239           0.013813620168740779
6268           0.017892837521026616
6269           0.01904346444486366
6348           0.023549294036015862
6397           0.015393876981470534
6398           0.02487403018982188
6424           0.014864254217565053
6434           0.033327721362476734
6626           0.01671345341554884
6634           0.02514711963556381
6730           0.0531049182441535
6792           0.030251639319780345
6860           0.05029423927112762
6880           0.0336674216846899
6893           0.03268451992817051
6922           0.020284429111157614
6940           0.012568900094636395
6961           0.09701396362430212
6970           0.018578365184483987
7090           0.039358184950214835
7138           0.03440022388838618
7164           0.021483107472563028
7207           0.014864254217565053
7249           0.036167714541352494
7259           0.010215029953366263
7269           0.01373766199478379
7325           0.03749179114853142
7329           0.0531049182441535
7338           0.03749179114853142
7367           0.0422679708347058
7458           0.024012628342335085
7469           0.019320439842875063
7470           0.009913292530942273
7471           0.014256375220576652
7524           0.010650505471335432
7553           0.030017834221296776
7692           0.04850698181215106
7744           0.03208423152006936
7875           0.03402044693931025
7925           0.10947195089167681
7937           0.01953391206646944
7938           0.007367247366857672
7971           0.041410084840592554
7972           0.0615670637967254
7975           0.0422679708347058
8031           0.02599158133159256
8078           0.014569113343766989
8084           0.013258968944710018
8089           0.0364906502972256
8157           0.028169276393249173
8168           0.26552459122076744
8184           0.025559450820320323
8208           0.020522354598908468
8211           0.022195633079230982
8238           0.010795940549468107
8308           0.039239387531244244
8310           0.006165332610824267
8312           0.014404707125674708
8347           0.029789948879815287
8398           0.021276366495202266
8415           0.05675450570754662
8418           0.033327721362476734
8423           0.031521486399754176
8425           0.0351710738631473
8430           0.044782628971665586
8452           0.04686590726670824
8481           0.028148874334372458
8498           0.030738297848424592
8500           0.02514711963556381
8557           0.02570120162701274
8711           0.021542424984419738
8758           0.04622355622592121
8784           0.033327721362476734
8812           0.020442345270342305
8855           0.04686590726670824
8874           0.02164651537575534
8896           0.03749179114853142
8934           0.09950675219488454
8941           0.023894966664290185
8956           0.023111778112960606
9017           0.039239387531244244
9026           0.027603192707693035
9061           0.027963280332387132
9083           0.030517042389450855
9251           0.015439451712746936
9322           0.09154815099903955
9469           0.05417742077006294
9530           0.018323000817735843
9533           0.023894966664290185
9547           0.01655691050988687
9552           0.06770601820014634
9562           0.03153020889387907
9564           0.02229294202910791
9584           0.03697730882586985
9598           0.07728175937150025
9602           0.03892438129913496
9640           0.015860353909289523
9642           0.03033880350373628
9659           0.013367198587733586
9841           0.10103098946020272
9849           0.05692659636276969
9882           0.010500799675670044
9907           0.01681934863927845
9980           0.05675450570754662
10005          0.05675450570754662
10006          0.06299351668499187
10124          0.022195633079230982
10165          0.02893206288570204
10175          0.026602051856387223
10200          0.024012628342335085
10302          0.02244792309894192
10367          0.05051549473010136
10376          0.00974183991473647
10469          0.0454783985086895
10520          0.03402044693931025
10531          0.03749179114853142
10560          0.04419872977346956
10603          0.02513780018927279
10612          0.021103265195010313
10671          0.041410084840592554
10707          0.02332867993850054
10744          0.01748229775635706
10792          0.0295676909159458
10828          0.024499286870979332
10865          0.01946219064956748
10883          0.029350789090405865
10893          0.043448538709883744
10935          0.010065974236611848
10953          0.1515464841903041
10995          0.028973069745681618
11020          0.007182794391710056
11064          0.012371790242850516
11077          0.043216319803315105
11201          0.010961100966747827
11218          0.05675450570754662
11303          0.0056427009076175875
11506          0.0454783985086895
11746          0.022391314485832793
11762          0.05198316266318512
11874          0.016519585287723935
11926          0.06230022115600711
11938          0.01477893613614832
11941          0.021632887958915794
11946          0.020363040878941963
11958          0.011534606387444567
11987          0.009526093469494278
12005          0.017368359650200456
12032          0.015258521194725427
12045          0.016872767135515346
12049          0.26552459122076744
12068          0.0287297849304743
12101          0.07723676674262536
12113          0.04850698181215106
12127          0.05675450570754662
12135          0.06299351668499187
12156          0.02229294202910791
12158          0.02208966342382386
12185          0.03591397195855028
12245          0.017253163903877124
12266          0.022391314485832793
