313
t_index            tf-idf
85             0.06898226288611863
230            0.021179396317009706
313            0.028091210269176877
330            0.02306381015658217
337            0.024372970146415037
343            0.020771637814678414
344            0.009091275620095814
347            0.028222232833570008
380            0.033550300053182956
392            0.03935550756218275
398            0.049379960324460445
471            0.040921067048290294
496            0.01882155700131317
499            0.06454637187293708
574            0.06898226288611863
576            0.022819779517887887
587            0.0382085332354328
594            0.03950641000104914
711            0.01594264151666695
744            0.061719958903198466
845            0.06048654145528155
926            0.06454637187293708
937            0.012353873358995172
942            0.03766906006855735
955            0.04263752897326424
991            0.038996778592721035
1027           0.07656546866035693
1105           0.03214319335272724
1142           0.028222232833570008
1183           0.07710986743327479
1226           0.04769351283083505
1252           0.2358312404953637
1271           0.04556939684060283
1297           0.05696316609869876
1329           0.049379960324460445
1346           0.07096595776798596
1361           0.027215522767245048
1373           0.024559987578488925
1394           0.04850427282252861
1448           0.055923476608173636
1466           0.054672821549525755
1521           0.011840719139651975
1533           0.016789764372176726
1571           0.06333111722254704
1582           0.03214319335272724
1589           0.07656546866035693
1630           0.04179675455022214
1687           0.05137460434960261
1689           0.107631702675284
1698           0.027961738304086818
1876           0.06454637187293708
1891           0.017657728433361
2042           0.042262367515060635
2045           0.027833780665715836
2071           0.05895781012384092
2323           0.04850427282252861
2352           0.01126629569530653
2372           0.09387742667284212
2392           0.05527671860507337
2446           0.02306381015658217
2469           0.03444387840679532
2618           0.06544845659561596
2626           0.018228470473685258
2651           0.07205913883634346
2813           0.05696316609869876
2814           0.03648517603510874
2890           0.03809427445501439
2937           0.0753381201371147
3043           0.040921067048290294
3077           0.033337861274051986
3115           0.03272422829780798
3127           0.03467916174082233
3181           0.14551281846758582
3221           0.04274868106008568
3239           0.05033188683432399
3270           0.03972639912696555
3272           0.05008403006014882
3281           0.04693871333642106
3344           0.02947790604325596
3357           0.03567441604341519
3401           0.02504201503007441
3488           0.06139905711188032
3576           0.04179675455022214
3585           0.013665652702245039
3597           0.05137460434960261
3730           0.02465470897854463
3768           0.053815851337642
3856           0.06898226288611863
3875           0.03141357281848273
3884           0.03561865580687627
3890           0.03195617592065335
3939           0.05696316609869876
3970           0.0339879685497898
4023           0.1895488022199558
4094           0.03357952874435345
4136           0.024280646785319254
4177           0.05527671860507337
4191           0.028222232833570008
4283           0.07656546866035693
4348           0.014764259245146977
4374           0.02465470897854463
4406           0.037061111817494274
4422           0.08843371812976787
4544           0.03809427445501439
4547           0.04556939684060283
4563           0.06898226288611863
4566           0.042262367515060635
4615           0.012289550295076139
4667           0.02070513151038812
4780           0.05033188683432399
4782           0.028222232833570008
4786           0.03541698643995415
4813           0.08184213409658059
4818           0.027401099743506137
4852           0.032638274810497386
4870           0.08870512042373148
4932           0.05383430191364421
4963           0.03472137946776361
4979           0.027582269511609053
4992           0.029298598615742938
4996           0.014422941163423157
5000           0.07656546866035693
5004           0.02383036704424442
5046           0.06139905711188032
5047           0.05033188683432399
5148           0.05696316609869876
5303           0.02111037240751568
5460           0.037986191066364514
5630           0.04623264556340369
5787           0.05696316609869876
5791           0.03060212765391447
5915           0.038312790046904126
5965           0.07134883208683038
5986           0.04930941795708926
5998           0.021041781252649362
6001           0.01899030461468932
6067           0.016203136046150143
6070           0.03648517603510874
6132           0.07656546866035693
6138           0.022981860309994634
6158           0.03676935443762743
6168           0.04235879263401941
6202           0.035315456866722
6218           0.05236748007769658
6239           0.03357952874435345
6246           0.05252460300832351
6268           0.02174784902566674
6423           0.06898226288611863
6440           0.05054244876449907
6470           0.07656546866035693
6496           0.038312790046904126
6610           0.06454637187293708
6620           0.044944069311278895
6654           0.01770802853743747
6663           0.06898226288611863
6720           0.02306381015658217
6760           0.0679801948602074
6962           0.053815851337642
6966           0.053815851337642
6970           0.02258107361121775
7005           0.07412222363498855
7008           0.0432576218176535
7015           0.05895781012384092
7030           0.01607211348175701
7067           0.04556939684060283
7088           0.06898226288611863
7164           0.013055821285093385
7192           0.019692594023530116
7195           0.02465470897854463
7217           0.028222232833570008
7218           0.06584994504771806
7256           0.07597238213272903
7299           0.01871048748524595
7315           0.03444387840679532
7412           0.02211874059044954
7469           0.02348302824068875
7523           0.022739630783121877
7529           0.01254089079106906
7539           0.045349709283875925
7620           0.06139905711188032
7647           0.020061401532041348
7713           0.04050817829809734
7922           0.06139905711188032
7923           0.06898226288611863
7938           0.07163616537885764
8022           0.03141357281848273
8035           0.05137460434960261
8068           0.04556939684060283
8078           0.01770802853743747
8093           0.03972639912696555
8094           0.10066377366864798
8388           0.033550300053182956
8441           0.026404762775551482
8463           0.07656546866035693
8469           0.04731063851199064
8490           0.07656546866035693
8518           0.05491729902844894
8529           0.038996778592721035
8546           0.029186148663389117
8685           0.05033188683432399
8760           0.02331340851177429
8761           0.03421354877598382
8770           0.028222232833570008
8828           0.04769351283083505
8874           0.0263102567030235
8892           0.0525272750855172
8905           0.107631702675284
8926           0.010990011988378234
8945           0.04950051530041513
8946           0.0339879685497898
8953           0.02629369325948426
8975           0.053815851337642
8979           0.07656546866035693
8980           0.03233346342444588
9011           0.03367243974055863
9029           0.044944069311278895
9123           0.0315914670366593
9183           0.040921067048290294
9194           0.13796452577223725
9231           0.06282714563696545
9253           0.053815851337642
9254           0.07799355718544207
9278           0.06898226288611863
9303           0.08549736212017137
9322           0.017803551743350948
9354           0.10333163522038596
9355           0.08359350910044427
9369           0.08888026597180762
9393           0.0432576218176535
9422           0.03008585429431904
9503           0.06898226288611863
9530           0.02227069099649567
9562           0.01916169590111142
9588           0.04769351283083505
9604           0.06505420256471685
9632           0.053815851337642
9642           0.018437649071681977
9648           0.016789764372176726
9656           0.04623264556340369
9659           0.016247161270006107
9698           0.05895781012384092
9704           0.03648517603510874
9732           0.06454637187293708
9745           0.06898226288611863
9773           0.03541698643995415
9797           0.03444387840679532
9801           0.04623264556340369
9826           0.04050817829809734
9849           0.02306381015658217
9904           0.03648517603510874
9907           0.02044307698470029
9940           0.07656546866035693
9974           0.06898226288611863
9982           0.040921067048290294
9996           0.04135015158732491
10000          0.03736086353704058
10018          0.07656546866035693
10024          0.053815851337642
10089          0.024943895508120113
10175          0.03233346342444588
10212          0.038312790046904126
10240          0.06454637187293708
10302          0.006821081926243795
10309          0.02409830500829105
10376          0.011840719139651975
10402          0.06145916854533162
10444          0.019937079133233483
10528          0.07656546866035693
10602          0.03272422829780798
10631          0.02709595596658402
10654          0.04623264556340369
10811          0.05033188683432399
10829          0.020378532529848503
10935          0.006117344097514757
10972          0.012957407547716937
11016          0.06898226288611863
11020          0.008730327307211436
11051          0.013596190542771397
11064          0.01503729221609186
11068          0.028624987026887674
11078          0.03593804936315504
11087          0.0177585609753824
11104          0.07656546866035693
11129          0.04930941795708926
11143          0.03421354877598382
11201          0.013322669962200844
11233          0.031066234014927065
11241          0.06145916854533162
11243          0.05895781012384092
11244          0.03736086353704058
11260          0.06231491344403524
11303          0.01371684142234574
11334          0.04179675455022214
11480          0.011694261084080382
11608          0.06139905711188032
11657          0.38282734330178464
11724          0.07656546866035693
11803          0.04135015158732491
11853          0.04011030705659674
11874          0.029002609457953667
11889          0.02629369325948426
11898          0.06048654145528155
11902          0.029626755323935876
11941          0.02629369325948426
11944          0.06454637187293708
11946          0.1485015459012454
11985          0.059811237399700456
11988          0.030896614286012605
12010          0.023742493050808906
12070          0.02322957474243758
12112          0.04435256021186574
12158          0.026848880989645878
12248          0.05527671860507337
