317
t_index            tf-idf
21             0.050671496989187714
25             0.036391229038137435
68             0.044876011134996494
76             0.020826386080965723
207            0.0393546523878553
276            0.08463615147514633
341            0.06077505431443071
343            0.019557991870896466
390            0.018485239324014892
494            0.0520470086554219
576            0.021486464682679653
744            0.01937126103183835
768            0.04360792688549874
886            0.05445336715432859
936            0.02424986163330584
963            0.047391093679525036
964            0.02013939583951691
974            0.04930775121329926
978            0.013615454329313747
1183           0.018151122384776196
1231           0.03119377946903104
1241           0.03243139033582647
1247           0.055513021236731505
1361           0.02562537329954003
1381           0.057811630964712854
1425           0.06077505431443071
1475           0.057811630964712854
1521           0.011148889208689818
1533           0.015808771462077573
1688           0.0520470086554219
1766           0.0402509597039999
1925           0.01820606137301698
1954           0.01438427195033443
2076           0.01461490178999943
2101           0.023394907387060664
2103           0.02909138588084964
2122           0.0340926193101561
2146           0.03200211839508068
2179           0.032652926527402364
2215           0.03814136511176589
2253           0.0494582097130983
2352           0.042432112785677774
2358           0.05390497066926192
2369           0.020138242746410424
2371           0.050671496989187714
2415           0.026327988930223457
2461           0.12155010862886143
2462           0.04490687467989676
2463           0.06077505431443071
2616           0.036391229038137435
2661           0.026573263276690497
2670           0.024349389324255486
2696           0.04193891664728633
2699           0.022690288443286955
2739           0.064951764940238
2742           0.064951764940238
2743           0.027617298956367494
2751           0.026573263276690497
2757           0.057811630964712854
2799           0.042318075737573166
2801           0.02695248533463096
2884           0.03740526375999733
2895           0.02395692144127924
2896           0.026449896103039217
2991           0.064951764940238
3051           0.050671496989187714
3077           0.031389995608830976
3178           0.042906866609255065
3234           0.05604402070139109
3256           0.042318075737573166
3263           0.01854199448619787
3280           0.0681852386203122
3317           0.0340926193101561
3324           0.02748085940040629
3331           0.064951764940238
3355           0.06466508515986714
3356           0.02695248533463096
3373           0.0520470086554219
3436           0.028317385614608795
3443           0.09795877958220708
3565           0.035766732633729925
3574           0.06358801916434953
3575           0.031389995608830976
3585           0.038601586477518796
3652           0.042318075737573166
3667           0.03546813097639029
3674           0.016392428500671515
3734           0.032652926527402364
3774           0.06077505431443071
3807           0.02133608192606995
3812           0.02294890543760271
3823           0.026824520510433478
3853           0.064951764940238
3871           0.02540142891721611
3880           0.01756537600428766
3896           0.021951251905324504
3911           0.02803529183354417
4041           0.011288661175057318
4052           0.017988041893581455
4098           0.01430852869820762
4119           0.06077505431443071
4197           0.064951764940238
4200           0.0494582097130983
4348           0.013901612615849625
4356           0.042318075737573166
4544           0.01793425046127989
4560           0.04073016405408949
4615           0.0038571653474884096
4667           0.01949537139916102
4671           0.06077505431443071
4852           0.051218807677321274
4860           0.030812216000493428
4863           0.017109727657780703
4917           0.021114545734494058
4956           0.03026512978447219
5004           0.022438005567498247
5109           0.057811630964712854
5110           0.0402509597039999
5112           0.036391229038137435
5146           0.03607424907819262
5215           0.013580237078335333
5278           0.06077505431443071
5280           0.057811630964712854
5328           0.022438005567498247
5380           0.016578877679031608
5412           0.0520470086554219
5452           0.02862659865820479
5470           0.064951764940238
5505           0.030812216000493428
5599           0.024349389324255486
5741           0.021872316378245583
5791           0.009604701841155888
5807           0.050671496989187714
5822           0.031001231136240752
5863           0.06077505431443071
5864           0.06486278067165294
5989           0.026573263276690497
5996           0.015863567205333932
5998           0.039624702718211655
6033           0.0393546523878553
6043           0.01865645161794755
6045           0.026605502640357763
6067           0.045769256026074255
6079           0.047391093679525036
6102           0.025182249672424953
6197           0.01968438653490834
6231           0.055513021236731505
6239           0.03161754292415515
6246           0.016485231253373193
6267           0.02957813954302338
6268           0.040954329961684716
6288           0.042906866609255065
6348           0.013475302019346675
6397           0.01761727050133508
6398           0.01423333832146182
6425           0.025970691752949627
6440           0.02379467644512696
6445           0.03814136511176589
6457           0.04649478636338043
6779           0.01793425046127989
6782           0.30294705578038544
6813           0.034353418958548834
6867           0.11562326192942571
7014           0.034895703945922084
7030           0.03026610300341361
7071           0.031389995608830976
7089           0.060178078826255685
7094           0.064951764940238
7166           0.1767847065415964
7188           0.06077505431443071
7207           0.017011152399532745
7217           0.026573263276690497
7246           0.020969458323643164
7249           0.010347887203091209
7260           0.0520470086554219
7470           0.011345105348489756
7471           0.01631547523289594
7524           0.01218879662935578
7529           0.011808151207614647
7548           0.03630224476955239
7567           0.021793981127142353
7605           0.055513021236731505
7618           0.032652926527402364
7647           0.018889253297358684
7798           0.06077505431443071
7806           0.055513021236731505
7821           0.03586850092255978
7938           0.016862651282507735
7942           0.024967636995758144
7976           0.03814136511176589
8026           0.0389341435576999
8078           0.016673383258207296
8114           0.0389341435576999
8121           0.064951764940238
8152           0.016913511517980765
8155           0.02529125636030133
8157           0.03223786721461356
8184           0.029251095062612302
8187           0.02529125636030133
8189           0.1040940173108438
8220           0.057811630964712854
8235           0.04123275328568124
8238           0.012355237423635881
8310           0.028223255900078712
8398           0.024349389324255486
8411           0.04649478636338043
8430           0.02562537329954003
8437           0.0441961766353991
8443           0.037056042659873965
8469           0.02227318547723194
8478           0.05363492033890557
8542           0.0168167874657541
8544           0.035177941762048026
8588           0.05607561557304577
8618           0.02227318547723194
8636           0.034353418958548834
8812           0.023394907387060664
8820           0.029251095062612302
8851           0.027617298956367494
8867           0.050671496989187714
8874           0.012386500075485248
8880           0.031001231136240752
8933           0.028934115102667485
8949           0.04649478636338043
8965           0.030444282750124157
8984           0.04151117660967776
9006           0.043531363013662575
9018           0.035766732633729925
9072           0.042906866609255065
9083           0.017462364787077397
9214           0.023394907387060664
9251           0.017669427756449464
9402           0.057811630964712854
9518           0.02465387560664963
9547           0.018948285183139783
9562           0.01804211569689982
9620           0.5722921724791458
9621           0.1572450456299698
9622           0.05607561557304577
9704           0.034353418958548834
9715           0.03607424907819262
9788           0.024967636995758144
9798           0.027346203419183816
9806           0.064951764940238
9809           0.04123275328568124
9833           0.0200073294680314
9839           0.0989164194261966
9878           0.032652926527402364
9882           0.012017468282310435
9907           0.019248628203999377
9971           0.02227318547723194
10087          0.03200211839508068
10090          0.031794009582174765
10193          0.06077505431443071
10223          0.037766740704371624
10296          0.019812351359105827
10302          0.025690158100084383
10312          0.042318075737573166
10324          0.03814136511176589
10376          0.011148889208689818
10436          0.04123275328568124
10467          0.0393546523878553
10474          0.025074384436805024
10485          0.028037807786522886
10497          0.04567026355988124
10581          0.017462364787077397
10607          0.04567026355988124
10630          0.049102753783070864
10698          0.050671496989187714
10734          0.022110961087087166
10829          0.038375709909396635
10874          0.037766740704371624
10881          0.02424986163330584
10918          0.02748085940040629
10935          0.00575991971351068
10943          0.01937126103183835
10963          0.04312497486546856
10972          0.0122003317093782
11020          0.008220231453489274
11043          0.05363492033890557
11055          0.024551376891535432
11107          0.04490687467989676
11173          0.027895722280364018
11188          0.035766732633729925
11201          0.012544252559383202
11233          0.029251095062612302
11259          0.12155010862886143
11303          0.006457696678184818
11313          0.064951764940238
11407          0.030812216000493428
11477          0.029915908684348826
11480          0.01101098840925106
11488          0.03462099337593143
11588          0.037056042659873965
11617          0.013065935468133547
11750          0.02424986163330584
11810          0.02013939583951691
11857          0.05528638545174737
11858          0.02909138588084964
11874          0.025207425258238967
11911          0.12368599429514625
11958          0.013200591449356017
11987          0.010901981721374686
11991          0.04490687467989676
12002          0.015297871591973109
12010          0.02235526587866829
12020          0.03814136511176589
12086          0.060819532219770725
12119          0.021114545734494058
12122          0.064951764940238
12138          0.0240536454935059
12167          0.046396115402593786
12185          0.016440462906978547
12245          0.01974510098166562
12255          0.01949537139916102
12283          0.027617298956367494
12284          0.08812318791675076
