294
t_index            tf-idf
76             0.02153349976675049
206            0.14422024072040168
214            0.028274683022739812
215            0.03308867925126052
330            0.022453563691667944
337            0.023728084554210965
344            0.01770145824028753
373            0.02286168966427528
387            0.04161759164686408
390            0.01911286457115098
456            0.01519180647043467
462            0.0394363704554771
478            0.03129271505007965
509            0.11954899299901811
587            0.018598785906199483
590            0.035796472315792215
635            0.15619610603335213
646            0.03667237259205563
677            0.02428390377424452
678            0.05919710247691027
682            0.03129271505007965
700            0.059774496499509056
711            0.062083257584523655
930            0.0280015710157772
937            0.012027001628169148
1307           0.024379427147036767
1446           0.0523919351324623
1448           0.027221897322172735
1499           0.057397842583226645
1521           0.011527424981056385
1571           0.020551812046185586
1582           0.09387814515023894
1583           0.02559798716182719
1630           0.04069085220642048
1738           0.04321441582666381
1755           0.03697567845860995
1812           0.03353252616737864
1846           0.04722089592936875
1854           0.0394363704554771
1868           0.03447988668817142
1890           0.035796472315792215
1994           0.1047838702649246
2064           0.04500937376541554
2065           0.2441451132385229
2076           0.015111118321851493
2101           0.024189229509331178
2122           0.03525015848208638
2157           0.03353252616737864
2170           0.029598551238455135
2197           0.04069085220642048
2277           0.04500937376541554
2278           0.0523919351324623
2283           0.02328607985632338
2352           0.010968200234319696
2367           0.03667237259205563
2533           0.04211306631638972
2623           0.03111064592125772
2626           0.008873081247284118
2640           0.06450578994445481
2710           0.03608051007307859
2775           0.04211306631638972
2801           0.027867597115039628
2827           0.026732119782856903
2830           0.04643158787538478
3092           0.03353252616737864
3104           0.03667237259205563
3115           0.03185837636353492
3140           0.06283853630756074
3190           0.03245577319527524
3192           0.04161759164686408
3234           0.02897343547770253
3263           0.019171546728817598
3344           0.02869794870603183
3345           0.04069085220642048
3386           0.04807341357346723
3436           0.014639419776349574
3447           0.03376158412832685
3538           0.10888758928869094
3539           0.07809805301667606
3658           0.059774496499509056
3691           0.07459814017573801
3714           0.01888131665468627
3807           0.022060501202285036
3911           0.009662389301268087
3926           0.05027893420203132
4016           0.053814149242431546
4041           0.023343885188240997
4094           0.016345523187164212
4098           0.014794343012155917
4099           0.03147795075679715
4154           0.03904902650833803
4164           0.043179033682838965
4188           0.08652857872925318
4263           0.0822882909907472
4289           0.02497128966601381
4331           0.023818730077285112
4348           0.014373610997946729
4373           0.019965382215249457
4402           0.011642881772071286
4422           0.05739589741206366
4423           0.017793557393835223
4477           0.03330829083937373
4544           0.018543168105280217
4583           0.06283853630756074
4615           0.007976253660866382
4636           0.043179033682838965
4652           0.09139351931436965
4670           0.04807341357346723
4724           0.1295371010485169
4818           0.02667609272429667
4861           0.059774496499509056
4925           0.03983833456232199
4932           0.07861484628567676
4992           0.02852338558238837
5215           0.014041323867803292
5275           0.0523919351324623
5303           0.020551812046185586
5304           0.0304119833903479
5310           0.0699743255647304
5311           0.057397842583226645
5328           0.023199838213681337
5362           0.0386752764171264
5392           0.047098151112089134
5416           0.02912559019138241
5444           0.12207255661926145
5505           0.03185837636353492
5631           0.03447988668817142
5662           0.04069085220642048
5749           0.043179033682838965
5784           0.05001528121617989
5785           0.037964960947774844
5791           0.02979242448289155
5813           0.059774496499509056
5834           0.020754690269233423
5991           0.03698111260550189
5996           0.024603269097279383
6001           0.03697567845860995
6022           0.022453563691667944
6138           0.06712134648006701
6144           0.03376158412832685
6150           0.012209070756991075
6202           0.051571565236218746
6210           0.032873504565803985
6218           0.02549094319875723
6398           0.014716599713159011
6439           0.0394363704554771
6489           0.059774496499509056
6571           0.03698111260550189
6626           0.019776867830755326
6654           0.10343694573962296
6707           0.03399567673114301
6760           0.022060501202285036
6816           0.024095389389750393
6888           0.044363673972548645
6920           0.01774197964328997
6922           0.0480047376899954
6970           0.02198359989583162
6988           0.10227490676303783
6996           0.2158951684141948
7030           0.015646860656254393
7071           0.06491154639055048
7078           0.16845226526555887
7079           0.1343141157331116
7087           0.04722089592936875
7105           0.044363673972548645
7164           0.012710376680247538
7167           0.04263271984913314
7216           0.0304119833903479
7219           0.057397842583226645
7246           0.021681429709677024
7251           0.12633919894916915
7259           0.012087346178677062
7269           0.01625564261433087
7331           0.03551981300332693
7372           0.044363673972548645
7386           0.04263271984913314
7470           0.058651516020521134
7471           0.01686943095917566
7524           0.012602640148647008
7611           0.04807341357346723
7647           0.01953059594167972
7809           0.1665414541968686
7819           0.01616651418899781
7836           0.05001528121617989
7840           0.02760460141531845
7864           0.03185837636353492
7897           0.02428390377424452
7924           0.059774496499509056
7938           0.008717592578160772
8038           0.03308867925126052
8068           0.044363673972548645
8098           0.022614942304354155
8152           0.08743886119066947
8251           0.03904902650833803
8347           0.03525015848208638
8350           0.06526851709498045
8388           0.032662591046506824
8459           0.0403145868749862
8484           0.04161759164686408
8496           0.04263271984913314
8642           0.043179033682838965
8707           0.02497128966601381
8711           0.02549094319875723
8736           0.053814149242431546
8737           0.04539311582389218
8738           0.021681429709677024
8831           0.059774496499509056
8847           0.030755586887209068
8866           0.0788727409109542
8926           0.010699226731313552
8953           0.02559798716182719
8972           0.026495425938197738
9037           0.035796472315792215
9109           0.0822882909907472
9122           0.0671570578665558
9132           0.09557512909060475
9155           0.09001874753083108
9214           0.024189229509331178
9257           0.015520814396130914
9322           0.06932994683762621
9421           0.059774496499509056
9428           0.025384964367412072
9530           0.021681429709677024
9559           0.01297016479534177
9562           0.0373093913308326
9610           0.1041490281298522
9612           0.031666465141291275
9640           0.018767403433285135
9655           0.08702468945997394
9659           0.015817276846634587
9667           0.045696759657184824
9799           0.04375489201447216
9882           0.012425494728083117
9948           0.04807341357346723
9988           0.017690650461181737
10094          0.04782030736606579
10151          0.022533947353775504
10210          0.03111064592125772
10223          0.15619610603335213
10264          0.03308867925126052
10302          0.01328120518138158
10305          0.05014642365645699
10376          0.011527424981056385
10410          0.08926903058120728
10453          0.0671570578665558
10482          0.07453961923360256
10537          0.03983833456232199
10581          0.01805526060102727
10625          0.11094333781650567
10637          0.021756172364993484
10707          0.1656276084919107
10734          0.02286168966427528
10744          0.020686633905577574
10829          0.03967867191025196
10865          0.023029422023301143
10893          0.3084734146105652
10943          0.020028969178286334
10965          0.041509380538466846
10972          0.05045826750677272
11020          0.008499331156072487
11033          0.03111064592125772
11055          0.025384964367412072
11064          0.014639419776349574
11071          0.03473050494934297
11137          0.03353252616737864
11178          0.058277467464080475
11201          0.02594032959068354
11260          0.04044408009654339
11263          0.16144244772729463
11303          0.013353906853818405
11422          0.055455974940513984
11480          0.01138484206623838
11612          0.01354419701729655
11692          0.03353252616737864
11733          0.0523919351324623
11750          0.05014642365645699
11874          0.010859703083075248
11898          0.058886125138663585
11910          0.014261692791194184
11941          0.02559798716182719
11972          0.11421993202723568
11985          0.0194095629952159
11987          0.0225442685967391
12027          0.04807341357346723
12029          0.0411441454953736
12032          0.01805526060102727
12033          0.026263878021733026
12118          0.025280029679460067
12147          0.09286317575076956
12158          0.052276970306138114
12185          0.016998662312144974
12208          0.032873504565803985
12245          0.03402583672223989
12255          0.0201572934374931
