t_index            tf-idf
86             0.036049445041528974
152            0.01924812872189799
198            0.06130528470104991
207            0.018598093883467486
210            0.00810911999116134
220            0.029482910098032035
347            0.02511581300931529
352            0.012004124826735796
422            0.030447665091210264
456            0.006943542041423058
496            0.008374934559161764
548            0.038043335771181616
581            0.040553575500039095
587            0.00850073045035491
706            0.026500032390644912
769            0.005152023134945606
782            0.02872087789705454
819            0.017511824359317373
865            0.02872087789705454
889            0.020571910233750157
931            0.012798351924264558
938            0.005497041553285838
952            0.0200524301290855
965            0.01903482063001202
992            0.03470440502976164
1023           0.023204819999278044
1029           0.06482423144917798
1057           0.012986815334820417
1059           0.016234627223040792
1122           0.011231332890578778
1244           0.03406895558519956
1272           0.020276787750019547
1308           0.055714104070079346
1383           0.024596206410043016
1523           0.005268705873859468
1535           0.014941715807137025
1569           0.01973533801054512
1582           0.025346616559192188
1594           0.015025109847587589
1682           0.02511581300931529
1732           0.014561137023578346
1734           0.046799095388652415
1768           0.019021667885590808
1935           0.6323351920378945
1969           0.014036298654008692
2066           0.020571910233750157
2076           0.019485640709600047
2079           0.020276787750019547
2097           0.012218138634786931
2152           0.011413336522023178
2175           0.014057097882044418
2283           0.0524683267706495
2316           0.03380505282431439
2354           0.01002621506454275
2379           0.01397794117701847
2380           0.008450021344964946
2390           0.013528265074294842
2403           0.034395297791775616
2446           0.03406895558519956
2502           0.03406895558519956
2605           0.020886085697179726
2628           0.004055515899138294
2701           0.01072290286170675
2710           0.022395929223453157
2713           0.03406895558519956
2780           0.016902526412157195
2816           0.016234627223040792
2897           0.011321484172510757
2898           0.012499606046173287
2901           0.015123457234886468
2921           0.02394617157161251
2926           0.0228599020474624
3042           0.02394617157161251
3116           0.02337280020890951
3129           0.015431014029589041
3164           0.02394617157161251
3192           0.04450254670638335
3264           0.024596206410043016
3266           0.008762515568488734
3270           0.018805275367451392
3375           0.017197648895887808
3439           0.040146414533497536
3445           0.01999853887104716
3447           0.02872087789705454
3521           0.022395929223453157
3536           0.030652642350524954
3584           0.02872087789705454
3588           0.006080737479983684
3596           0.036170258075180074
3602           0.01292318004829661
3651           0.018399371185449938
3718           0.017259726977746883
3734           0.01097048316757658
3741           0.020571910233750157
3756           0.007970023954079527
3759           0.0228599020474624
3762           0.008762515568488734
3792           0.017676858133270527
3795           0.021221945072180663
3816           0.010845119241430863
3824           0.016234627223040792
3871           0.04947269550648268
3873           0.02584636009659322
3884           0.02490296512899414
3894           0.02843876115858643
3915           0.017665102952573803
3924           0.01924812872189799
3925           0.036049445041528974
3932           0.03406895558519956
3938           0.030694694247337215
3976           0.03406895558519956
4039           0.03406895558519956
4045           0.005334758856037042
4054           0.12531651418307835
4098           0.0074708579035685126
4102           0.006761878047884246
4103           0.02877452064480019
4153           0.01338715287230585
4154           0.04789234314322502
4166           0.023705815521532288
4167           0.03821135410162603
4169           0.050693233118384376
4256           0.04316178096720028
4385           0.02623416338532475
4399           0.030694694247337215
4407           0.021285905458320938
4410           0.03406895558519956
4428           0.008132694032866648
4541           0.5880268447505669
4547           0.021972355221329835
4559           0.02623416338532475
4642           0.01973533801054512
4653           0.027320432909474862
4673           0.009213059335433321
4769           0.024398082098599946
4824           0.0060962654998446
4858           0.07019397185224624
4902           0.011900545810670307
4904           0.021690238482861727
5178           0.010082936341444014
5348           0.013250016195322456
5553           0.014473422396455961
5654           0.03406895558519956
5702           0.03535371626654105
5749           0.02067269655655994
5766           0.013900051033752962
5839           0.01449817467306275
6005           0.0074967530980541
6028           0.044791858446906314
6076           0.0072098288165126185
6111           0.011900545810670307
6117           0.03406895558519956
6147           0.010226124019950822
6159           0.01674077330820239
6177           0.028272271759206623
6236           0.030694694247337215
6248           0.0074708579035685126
6255           0.0077905370760058025
6274           0.025596703848529117
6357           0.025472457954295362
6406           0.016651025018601506
6407           0.01345268964740707
6434           0.012273145209866103
6449           0.01124481095886311
6557           0.20080729308458778
6613           0.011699773847163104
6702           0.020886085697179726
6827           0.0228599020474624
6874           0.017197648895887808
7039           0.01430305671605652
7183           0.015123457234886468
7245           0.02623416338532475
7251           0.050706579330477834
7279           0.007429777237000646
7309           0.05827858756510527
7328           0.019485640709600047
7422           0.009842065933395714
7533           0.010118340352759285
7539           0.01674077330820239
7549           0.02690537929481414
7556           0.017511824359317373
7726           0.030694694247337215
7795           0.018598093883467486
7841           0.015991174990429825
7851           0.012616913652567474
7871           0.02623416338532475
8109           0.062018089669679824
8110           0.02930092236580427
8131           0.02872087789705454
8153           0.11117565349290318
8156           0.025346616559192188
8219           0.011099161058593609
8335           0.01924812872189799
8345           0.02158270491118582
8349           0.010886549534895767
8385           0.030694694247337215
8406           0.02394617157161251
8480           0.02105157939178122
8488           0.021972355221329835
8511           0.013600385357813173
8540           0.01735220251488082
8557           0.012986815334820417
8618           0.017847683734318314
8630           0.031577369087671836
8704           0.009125344708310935
8719           0.011413336522023178
8723           0.011650848509725236
9001           0.030694694247337215
9016           0.020886085697179726
9030           0.016902526412157195
9049           0.01636107667268277
9095           0.008252307669668146
9108           0.015326321175262477
9135           0.014057097882044418
9161           0.036798742370899876
9195           0.018208443573323466
9226           0.011055889395019829
9269           0.014187835723999415
9334           0.013863426194305835
9399           0.03406895558519956
9434           0.0267743057446117
9448           0.03406895558519956
9509           0.041143820467500314
9545           0.01292318004829661
9552           0.041143820467500314
9559           0.017909038214526295
9604           0.017511824359317373
9652           0.0686223879963022
9660           0.037354289517842566
9698           0.017676858133270527
9780           0.01924812872189799
9788           0.020276787750019547
9791           0.015431014029589041
9800           0.02359824969709263
9810           0.02584636009659322
9861           0.01026258883538857
9894           0.005679176153134415
9918           0.012616913652567474
9960           0.021972355221329835
9994           0.03641688714664693
9999           0.027320432909474862
10000          0.008085659559736414
10012          0.01662427753318481
10031          0.04674560041781902
10062          0.02872087789705454
10112          0.011952059837400124
10180          0.014561137023578346
10194          0.02623416338532475
10308          0.04681428348006497
10388          0.010537411747718935
10479          0.018598093883467486
10564          0.040553575500039095
10593          0.008252307669668146
10731          0.020886085697179726
10745          0.01695212417918976
10759          0.02394617157161251
10947          0.005444008323964497
10956          0.030640542462515036
10959          0.029934730461352355
11018          0.0228599020474624
11021          0.019021667885590808
11032          0.003884690298090507
11035          0.030694694247337215
11048          0.017676858133270527
11052          0.015025109847587589
11067          0.011602409999639022
11121          0.013051293497304915
11128          0.01704785153530813
11224          0.02158270491118582
11233          0.012557906504657644
11315          0.021362301345146682
11462          0.030694694247337215
11469          0.04394471044265967
11607          0.032222758743475396
11630          0.006174657372571907
11639          0.016234627223040792
11766          0.020025783068887
11822          0.03298179700432179
11864          0.041143820467500314
11889          0.016875961210336566
11913          0.013457197679306367
11956          0.023399547694326207
11973          0.012476585318191426
11990          0.020886085697179726
12017          0.007229418501293767
12020          0.009393377360870989
12052          0.02623416338532475
12079          0.026365739776039676
12084          0.024596206410043016
12087          0.019485640709600047
12102          0.018598093883467486
12109          0.049540235506163155
12133          0.011554448724012166
12142          0.030694694247337215
12259          0.018208443573323466
12261          0.0062207171539543525
12271          0.009213059335433321
12273          0.018024722520764487
