t_index            tf-idf
83             0.059360075862727346
110            0.047648384724117275
140            0.05348092854060659
193            0.024085191930002803
210            0.07064466309387107
220            0.025684787660961404
330            0.01788103102524491
336            0.028286417561372245
343            0.016103943697412727
344            0.014096663154816384
352            0.06274619354843762
430            0.03828355317670923
456            0.0241961736281676
479            0.10412341183892095
548            0.03314242040383525
587            0.029622510919640688
593            0.01956892311409539
663            0.050041847820950745
677            0.01933863340198682
679            0.024085191930002803
706            0.06925853343843559
742            0.03484447245705338
744            0.01595019054429698
769            0.0089766322120469
777            0.03697607536834909
861            0.059360075862727346
862            0.026886241380206663
879            0.05348092854060659
932            0.03023362589125581
938            0.009577775368182028
978            0.03532927964532231
979            0.011210890738749079
992            0.03023362589125581
1029           0.018824426473064818
1095           0.026886241380206663
1122           0.01956892311409539
1184           0.014945535045663434
1351           0.050041847820950745
1570           0.03205816118029937
1578           0.7128801524203056
1594           0.026179013858178612
1696           0.01714833256309556
1732           0.02537061038474201
1740           0.034414060981382215
1757           0.01472290240375581
1768           0.03314242040383525
1881           0.0343858841975024
1883           0.041722633896365074
1922           0.04416270049882998
1924           0.032404405854588474
1940           0.047601781218485836
1976           0.04285522269046986
2078           0.048135321278989646
2079           0.03532927964532231
2082           0.03205816118029937
2108           0.022627589553260885
2127           0.01996720363678658
2236           0.0398299711993926
2238           0.0398299711993926
2293           0.041722633896365074
2316           0.029450132323201553
2324           0.0727817809594735
2354           0.02620377745476716
2379           0.024354478569135054
2380           0.02944580480751162
2462           0.018683059589184658
2520           0.05348092854060659
2564           0.030799289904309548
2607           0.030799289904309548
2623           0.054526546163428974
2628           0.02826452731529321
2641           0.01605238234296541
2698           0.03453227493275502
2778           0.015314367793718633
2818           0.050041847820950745
2856           0.05348092854060659
2897           0.019725998282461552
2898           0.06533610001335521
2958           0.04570911852151335
3109           0.01956892311409539
3129           0.053772482760413326
3130           0.025846350958907336
3192           0.025846350958907336
3198           0.027862238341654244
3230           0.03828355317670923
3236           0.023073170290423762
3266           0.015267376999363742
3276           0.03140539173739754
3277           0.029450132323201553
3339           0.01926323897945977
3386           0.058900264646403105
3439           0.011658190334820984
3469           0.017691837678960036
3541           0.02167832230410832
3594           0.03913784622819078
3596           0.042014188116171816
3601           0.0250676561557258
3666           0.041722633896365074
3670           0.029204265349255864
3718           0.030072501054716892
3754           0.04416270049882998
3756           0.013886578511594945
3762           0.015267376999363742
3788           0.022627589553260885
3790           0.04285522269046986
3884           0.028926469349633412
3894           0.02477515073207939
3915           0.007694702063623059
3927           0.059360075862727346
3946           0.059360075862727346
3982           0.028506736875381643
4030           0.019725998282461552
4045           0.009295021962495549
4054           0.03639089047973675
4098           0.013016856087837874
4188           0.02807167655515108
4220           0.059360075862727346
4269           0.03760464560314885
4353           0.03433953572739011
4363           0.05348092854060659
4378           0.015899552682330977
4385           0.04570911852151335
4396           0.050041847820950745
4407           0.07417503361104996
4411           0.028732932058476938
4418           0.03639089047973675
4428           0.028340013743716672
4499           0.020558215950352496
4544           0.01996720363678658
4621           0.012703875530288294
4642           0.0343858841975024
4680           0.028506736875381643
4696           0.01714833256309556
4698           0.047601781218485836
4797           0.030799289904309548
4800           0.023953688261934867
4824           0.021243667516905665
4890           0.25264508899635973
4904           0.01889600340995863
4906           0.059360075862727346
4998           0.011357385169396751
5040           0.04285522269046986
5083           0.050041847820950745
5152           0.029703339684179396
5188           0.050041847820950745
5221           0.011181893046620064
5280           0.059360075862727346
5320           0.030511743157615998
5567           0.059360075862727346
5568           0.054526546163428974
5651           0.03828355317670923
5681           0.03484447245705338
5766           0.024218766606916645
5790           0.03697607536834909
5830           0.025526244415276775
5839           0.050521815751695634
6005           0.006530987301793756
6007           0.01631338191090957
6028           0.039021567725956004
6065           0.014635460220158257
6076           0.01256205181973323
6116           0.03808199052013606
6119           0.02251671455369851
6147           0.0712699860831244
6159           0.029168301654874284
6175           0.05572447668330849
6177           0.016420072835724785
6199           0.04285522269046986
6206           0.01620801637350017
6248           0.013016856087837874
6249           0.023953688261934867
6357           0.011095490092114664
6406           0.014505964320282035
6407           0.02343930608705605
6449           0.019592406638673662
6497           0.04570911852151335
6531           0.02807167655515108
6557           0.06997535408140532
6567           0.02251671455369851
6571           0.05348092854060659
6613           0.08154044656961117
6623           0.0398299711993926
6844           0.041722633896365074
6874           0.029964339252123558
6920           0.05847438918786377
6934           0.059928678504247115
7039           0.01246047196267513
7148           0.01620801637350017
7256           0.03453227493275502
7259           0.00852039381168432
7279           0.02589055830188812
7393           0.06594927305860045
7489           0.03697607536834909
7533           0.03525939909972549
7534           0.02007237715958437
7539           0.038891068873165714
7549           0.03515895913058408
7613           0.03314242040383525
7657           0.01555330800804188
7869           0.03532927964532231
7908           0.01933863340198682
7949           0.006942307488293327
7968           0.027458265961002256
7983           0.03867726680397364
8036           0.032404405854588474
8109           0.036019091715791804
8110           0.05105248883055355
8116           0.03140539173739754
8125           0.03205816118029937
8136           0.03760464560314885
8153           0.044701615695420124
8156           0.04416270049882998
8163           0.013926493016719884
8220           0.0343858841975024
8221           0.013016856087837874
8334           0.027657847326572494
8371           0.027072662437960148
8395           0.03697607536834909
8470           0.01605238234296541
8480           0.018339619284795886
8489           0.04416270049882998
8531           0.03484447245705338
8553           0.013846850960340792
8704           0.015899552682330977
8707           0.03532927964532231
8712           0.02492014258218879
8719           0.03977207461495852
8732           0.059360075862727346
8749           0.01807454093981411
8773           0.026525258532467712
8843           0.047601781218485836
8866           0.03828355317670923
8886           0.010198976517647458
8901           0.022192529233030323
8938           0.00852039381168432
8962           0.0343858841975024
8984           0.021099792430891363
9023           0.013052872348690963
9095           0.014378415801125253
9135           0.02449239732639291
9161           0.03205816118029937
9228           0.024085191930002803
9308           0.04416270049882998
9334           0.03450707612067718
9412           0.05348092854060659
9429           0.04456733860250296
9440           0.02021546965379345
9466           0.02082468236778419
9545           0.02251671455369851
9578           0.05307551303688011
9595           0.061023486315231995
9600           0.03697607536834909
9612           0.023325118027135106
9637           0.03023362589125581
9638           0.059360075862727346
9652           0.014945535045663434
9659           0.028286417561372245
9716           0.028286417561372245
9750           0.04416270049882998
9785           0.027458265961002256
9810           0.02251671455369851
9890           0.026886241380206663
9915           0.026703829689904948
9919           0.01584921534357036
9993           0.05348092854060659
10000          0.014088056314665823
10012          0.02896532513493262
10016          0.059360075862727346
10096          0.03314242040383525
10101          0.01933863340198682
10112          0.02082468236778419
10123          0.025684787660961404
10151          0.033950823877271843
10152          0.04285522269046986
10180          0.02537061038474201
10294          0.01814003791922565
10381          0.03484447245705338
10388          0.00917993448870391
10424          0.04026380856284989
10461          0.030511743157615998
10483          0.0398299711993926
10487          0.03532927964532231
10502          0.04072361977917414
10512          0.050041847820950745
10654          0.03760464560314885
10740          0.05348092854060659
10745          0.009845516345954871
10869          0.028286417561372245
10877          0.018339619284795886
10947          0.028456118617992444
10956          0.013346644282222698
10976          0.039611280677681285
10984          0.02009137300337574
10993          0.023325118027135106
11017          0.020131904281424945
11032          0.04061096212142706
11048          0.030799289904309548
11052          0.026179013858178612
11080          0.022192529233030323
11102          0.01512794673596515
11132          0.08065872414061999
11135          0.026011051603545703
11138          0.02038511164240279
11190          0.02320480655337155
11207          0.041722633896365074
11296          0.015220645108770603
11314          0.03353699464869325
11382          0.059360075862727346
11406          0.04570911852151335
11420          0.02537061038474201
11528          0.041722633896365074
11567          0.04416270049882998
11601          0.030511743157615998
11726          0.02896532513493262
11766          0.01744597070501435
11889          0.03978167456764015
11913          0.02344716066055082
11925          0.056786925846983756
11956          0.02038511164240279
11973          0.01086929490901937
12002          0.0089766322120469
12035          0.03140539173739754
12057          0.04570911852151335
12094          0.01726613746637751
12101          0.0166928235617691
12109          0.043158237277763
12182          0.012734102682151397
12200          0.03384246843452255
12202          0.059360075862727346
12260          0.03760464560314885
12261          0.027096680528982578
12271          0.01605238234296541
