t_index            tf-idf
132            0.026565500291148007
200            0.038439257612515716
210            0.01963658538967873
220            0.0356970720810184
247            0.07324421384902258
268            0.12705432648775888
279            0.033111191077241
285            0.05138985944210528
319            0.032085488279575115
352            0.029068508351767698
373            0.05060602370994841
380            0.07230103641511708
388            0.07432853198064429
390            0.021153862462846108
429            0.03736686902791285
452            0.048427328321465145
495            0.028817687276760075
517            0.03293392238643976
518            0.06615761195969928
520            0.07432853198064429
594            0.02128411954281027
606            0.06615761195969928
634            0.046610177633460724
640            0.04503609010916469
674            0.01502899635702396
682            0.034634357806186025
684            0.0532070101301097
769            0.012475847234870054
942            0.026565500291148007
952            0.01213945708441668
965            0.04609364284729481
978            0.049101120037148116
979            0.015581050545409406
1205           0.016994752659653327
1226           0.0595607794630503
1328           0.0390144031810444
1471           0.06352716324387944
1535           0.01809100609159558
1542           0.023046821423647404
1552           0.023914568258630108
1585           0.028331509268596452
1630           0.022027458043070956
1757           0.04092418557522136
1785           0.0818604000324062
1812           0.020220276189312828
1924           0.04503609010916469
2047           0.029990956657500633
2061           0.05535624322293442
2066           0.04981577191780925
2078           0.033449566646617065
2097           0.029586752060203017
2179           0.026362251363150988
2225           0.025029915182551776
2306           0.05535624322293442
2335           0.15570966585897772
2371           0.02304550186415705
2380           0.04092418557522136
2421           0.0595607794630503
2468           0.0595607794630503
2478           0.027526152060073382
2549           0.05659824834241016
2641           0.022309822340476165
2660           0.05138985944210528
2663           0.030409514677682797
2669           0.06954885017199973
2674           0.021683755976596455
2753           0.030409514677682797
2765           0.028817687276760075
2783           0.07432853198064429
2954           0.03144813599257991
2994           0.07432853198064429
3037           0.0595607794630503
3094           0.03711335074529852
3145           0.04280527782713104
3167           0.041282111098186025
3168           0.048427328321465145
3186           0.03329116626462027
3210           0.06954885017199973
3266           0.021218811088819022
3270           0.045537789048857864
3297           0.060819029355365595
3298           0.031922890587299434
3299           0.0532070101301097
3358           0.014800093129905517
3481           0.03293392238643976
3520           0.0356970720810184
3588           0.014724769258324786
3602           0.03129404038923659
3649           0.07632375335689129
3678           0.04606179290683058
3716           0.06352716324387944
3718           0.02089758833082268
3795           0.05138985944210528
3823           0.033111191077241
3936           0.038439257612515716
3959           0.032085488279575115
4027           0.034039871551130585
4045           0.012918349700596004
4056           0.020584887083306094
4078           0.0497762470336492
4179           0.0595607794630503
4193           0.16924095080206125
4268           0.5464534685862943
4353           0.01590852009718954
4448           0.026756225646101053
4488           0.049101120037148116
4576           0.048427328321465145
4640           0.054232712927775595
4797           0.04280527782713104
4858           0.046890412144545424
4904           0.026261926112540593
4941           0.04455487448616957
4969           0.05611853807497569
4998           0.031569301050524606
5047           0.07432853198064429
5143           0.02567727013946724
5173           0.05138985944210528
5187           0.0532070101301097
5233           0.04240564139334486
5288           0.09557995206893988
5307           0.058137016703535396
5359           0.049101120037148116
5386           0.01897228875770986
5537           0.033473931875919224
5664           0.033659575803871154
5758           0.04606179290683058
5791           0.061377930151054715
5799           0.0109912854349958
5968           0.0356970720810184
6005           0.009076856213481387
6010           0.02046209278761068
6014           0.09685465664293029
6016           0.06615761195969928
6020           0.03615051820755854
6054           0.015223204139906642
6076           0.017458912848093228
6094           0.07432853198064429
6164           0.08256422219637205
6167           0.03961905601352493
6248           0.03618201218319116
6449           0.04084469538467531
6467           0.07432853198064429
6504           0.030128831279438252
6551           0.03329116626462027
6654           0.019751034306091448
6695           0.03069704468323102
6775           0.015991828894763936
6788           0.020523330046329648
6857           0.06954885017199973
6946           0.07744664612760262
7065           0.06615761195969928
7070           0.07432853198064429
7205           0.026565500291148007
7235           0.06615761195969928
7256           0.023996715948516423
7325           0.03711335074529852
7405           0.04025640830052013
7480           0.03894882732570329
7658           0.06615761195969928
7663           0.07432853198064429
7755           0.04201911018135726
7817           0.06352716324387944
7832           0.020523330046329648
7869           0.049101120037148116
7892           0.0595607794630503
7901           0.05138985944210528
7949           0.009648514680729293
7953           0.11428836809148157
7979           0.05535624322293442
7984           0.07432853198064429
7990           0.23693733112288573
7993           0.10915186339567369
8089           0.01908043764281826
8113           0.07432853198064429
8149           0.06954885017199973
8166           0.028942430724353502
8168           0.01844594482115999
8173           0.038439257612515716
8200           0.0595607794630503
8249           0.014138902319531148
8321           0.04844656293859954
8396           0.06954885017199973
8429           0.0436476465128206
8452           0.028451186903566274
8583           0.027979598186613525
8630           0.05097731156585228
8645           0.05535624322293442
8729           0.15416957832631584
8746           0.061377930151054715
8750           0.023996715948516423
8770           0.030268337591570698
8782           0.030409514677682797
8869           0.023199916377968973
8962           0.04778997603446994
9023           0.05442318596276598
9039           0.07432853198064429
9053           0.06615761195969928
9156           0.03160427265658001
9226           0.026772315171163054
9263           0.040440552378625656
9269           0.01717822944984868
9334           0.004795841024051879
9429           0.020646767255815067
9449           0.06586784477287952
9559           0.04336751195319291
9565           0.06352716324387944
9671           0.017506350118522227
9770           0.05535624322293442
9801           0.04981577191780925
9809           0.03711335074529852
10128          0.03638395446522456
10168          0.026982823368602762
10187          0.034839374204880376
10191          0.03144813599257991
10243          0.06352716324387944
10314          0.007349729986886687
10323          0.050576561414289865
10326          0.06352716324387944
10388          0.01275839954247939
10406          0.04455487448616957
10414          0.033111191077241
10457          0.048427328321465145
10600          0.06615761195969928
10615          0.032921717174658804
10620          0.03711335074529852
10627          0.10277971888421056
10639          0.034039871551130585
10682          0.039312853192740554
10759          0.05798669193875426
10764          0.0595607794630503
10858          0.031141933171795543
10947          0.006591451010231061
10952          0.061377930151054715
10977          0.02297101315085053
11076          0.032405427384464454
11077          0.10115312282857973
11078          0.0532070101301097
11099          0.01913488644998555
11102          0.042050057972045654
11121          0.03160427265658001
11157          0.037625959584700296
11296          0.021153862462846108
11315          0.007389962605441125
11372          0.0532070101301097
11601          0.04240564139334486
11767          0.0390144031810444
11808          0.027526152060073382
11843          0.038439257612515716
11871          0.02108926972154102
11889          0.004807749556358324
11973          0.015106295950689883
11993          0.048427328321465145
12012          0.03662210692451129
12060          0.022097417570625683
12101          0.023199916377968973
12173          0.014464862602274755
12261          0.015063736103523824
12287          0.029990956657500633
12290          0.061377930151054715
12292          0.050576561414289865
