t_index            tf-idf
25             0.029903251123670135
84             0.01797282989891887
88             0.029903251123670135
106            0.02115030801679801
110            0.09510248846495416
117            0.02403608958584412
173            0.044072666251846505
220            0.025632424230060104
305            0.059239058812800234
326            0.06460537623637538
335            0.01885748023499885
344            0.02110188655141403
347            0.021835672659077297
435            0.02125453117774658
456            0.01207342251312522
459            0.059239058812800234
474            0.07788402935438454
479            0.02078222720597398
493            0.014692886906144459
495            0.02069265467853033
496            0.014562326093702319
547            0.01500559620870505
587            0.0147810598373348
674            0.021583260918483477
681            0.07949754012610687
769            0.017916663205756588
818            0.03199280438895868
921            0.030736499566697974
938            0.028674747635613413
942            0.01907546287832872
952            0.017433570641544882
956            0.01649442712669931
958            0.016770168931014556
965            0.03309772311547601
975            0.1418093691931465
1108           0.045615931600879456
1113           0.025166369377599238
1143           0.0655070179772319
1205           0.024406299142321626
1328           0.0280144469874014
1347           0.018302230406995853
1374           0.019002176491045932
1523           0.01832243881667433
1535           0.01299031869717283
1552           0.03434390123048146
1573           0.01633319320693239
1593           0.02163412683140241
1623           0.11847811762560047
1708           0.025166369377599238
1740           0.03434390123048146
1778           0.04163757419932218
1893           0.027323733047452125
1894           0.02292235823504849
1956           0.023639569628782726
1997           0.029903251123670135
2000           0.01976526269223408
2052           0.045615931600879456
2060           0.059239058812800234
2078           0.03602789105441797
2084           0.0182353168185769
2100           0.028228750202351348
2106           0.03388160852522742
2148           0.02629664916935436
2181           0.026831428552423476
2184           0.028228750202351348
2236           0.03974877006305343
2250           0.02844862035262509
2264           0.013208301340502698
2276           0.045568844597790314
2282           0.03477343522871879
2354           0.0435839266038622
2356           0.027402286949951143
2361           0.033074853139366256
2371           0.024821871064216235
2376           0.0280144469874014
2379           0.024304827231832762
2391           0.034315781890451105
2453           0.021835672659077297
2458           0.05094840841118216
2462           0.037289941083168625
2481           0.033468622967949585
2553           0.036900692453251276
2628           0.014103452291896409
2674           0.07785053502872119
2676           0.02034355263093685
2698           0.017230937089871102
2712           0.028674354392883752
2745           0.06808072009749291
2754           0.014915065668147964
2760           0.04268106012742843
3028           0.04064059676654481
3036           0.03577041266149616
3048           0.04064059676654481
3086           0.06261827323959322
3130           0.025793658149827023
3236           0.023026131149040754
3283           0.0280144469874014
3339           0.019223967123427676
3344           0.024582377502099708
3358           0.06376359353323974
3360           0.02760146143012357
3404           0.01937512336975604
3577           0.026125642851132662
3606           0.01797282989891887
3621           0.0280144469874014
3658           0.014960209907715221
3672           0.0475047357371482
3722           0.019451725927445478
3726           0.03269859009024949
3743           0.04064059676654481
3762           0.015236251484482988
3802           0.019451725927445478
3816           0.0377149604699977
3873           0.022470809855469336
3915           0.00767901491817599
4045           0.027828216761846537
4141           0.033074853139366256
4317           0.013208301340502698
4353           0.01142317597023397
4378           0.03173427670894305
4388           0.06776321705045484
4407           0.018505953347700683
4443           0.03556234418339639
4548           0.04993982778967253
4565           0.06693724593589917
4621           0.02852544647544856
4673           0.06407862576857515
4769           0.014141118559231433
4787           0.15143888781981685
4788           0.08734269063630919
4824           0.021200358172448735
4858           0.012626192426406925
4869           0.014059335074174983
4901           0.030449539039925727
4923           0.017350157720672294
4969           0.0134320463019472
5002           0.011159096584697882
5050           0.04993982778967253
5178           0.05259659258788729
5221           0.011159096584697882
5240           0.09402409723025129
5246           0.047045861935342284
5268           0.03103353091542526
5337           0.02105677640375613
5369           0.03631670057775174
5401           0.042767853991077305
5568           0.05441538320308047
5624           0.018929519179223638
5664           0.024169391944821872
5774           0.02292235823504849
5804           0.07630185151331488
5839           0.012604704303129936
5872           0.026649388743800004
5879           0.2400993611646894
6005           0.019553017845090528
6011           0.024582377502099708
6042           0.03233834317619447
6054           0.021862164256456415
6055           0.029390092505497165
6065           0.014605622990430571
6076           0.012536441635949585
6122           0.01976526269223408
6124           0.10674379454994845
6159           0.00970294546791822
6177           0.04915979197914416
6193           0.03525725404332319
6255           0.040638529368006035
6274           0.02225375886420741
6357           0.011072869779405694
6395           0.018575303277076557
6406           0.01447639109311083
6407           0.023391520506701444
6433           0.013978334218202788
6449           0.009776231855201005
6581           0.011914010553872178
6617           0.022807192855057733
6625           0.023522930967671142
6626           0.03525725404332319
6633           0.044072666251846505
6635           0.015717319844195686
6654           0.028364617084963097
6744           0.03123778805514883
6791           0.3734046139256621
6804           0.07994816623140001
6806           0.10164482557568225
6920           0.05835517778233643
6931           0.01907546287832872
6979           0.01747108156086697
6991           0.22253758864207407
7013           0.028228750202351348
7058           0.04064059676654481
7174           0.020202699166850517
7179           0.10659755497520002
7217           0.041935002654608367
7238           0.11924631018916032
7256           0.034461874179742204
7274           0.02486933802887195
7309           0.01447639109311083
7442           0.059239058812800234
7479           0.036337856096036195
7533           0.017593757981399127
7534           0.03004718357720173
7539           0.02910883640375466
7555           0.04538714673166194
7558           0.059660262672591856
7577           0.017908460578412524
7586           0.01871521596427369
7599           0.03525725404332319
7830           0.012848054426447666
7835           0.03017198876965878
7858           0.01741040370350448
7908           0.057897623519319645
7949           0.006928154245398844
7974           0.03631670057775174
7982           0.03894201467719227
7987           0.0313413657434171
8033           0.024304827231832762
8105           0.03894201467719227
8110           0.02547420420559108
8148           0.04993982778967253
8160           0.0475047357371482
8163           0.027796202308816124
8166           0.02078222720597398
8221           0.01299031869717283
8236           0.026125642851132662
8249           0.04060997961727106
8309           0.018168928048018097
8317           0.028906273690892773
8321           0.07537236789736838
8323           0.02709235291200402
8326           0.04561438571011547
8340           0.03631670057775174
8357           0.03631670057775174
8388           0.06863156378090221
8437           0.030449539039925727
8444           0.018037692475732267
8450           0.026831428552423476
8458           0.03577041266149616
8470           0.016019656442143787
8494           0.08814533250369301
8512           0.015051227180962976
8514           0.13894499427531606
8553           0.01381862146383752
8568           0.024169391944821872
8574           0.027017469554624033
8615           0.053371897274974225
8640           0.059239058812800234
8710           0.05366285710484695
8723           0.020258481313306643
8749           0.018037692475732267
8759           0.10659755497520002
8832           0.07210826875753236
8833           0.016603648317643317
8938           0.008503023333154412
8945           0.02377562211623854
8950           0.030736499566697974
8970           0.029903251123670135
8972           0.02914472677915652
8981           0.026125642851132662
8996           0.01705519669722247
9095           0.014349102606396503
9113           0.0250165508673234
9226           0.0768958684937107
9269           0.024669791616549384
9287           0.19913361519505776
9288           0.04964658467321402
9326           0.025318887465271497
9334           0.0172183633701698
9441           0.0051914221202901956
9559           0.06228042802297696
9571           0.010307811644637345
9574           0.07412746570352156
9578           0.035311538859690246
9580           0.03568915413745634
9600           0.036900692453251276
9632           0.026125642851132662
9633           0.10767562706062564
9634           0.06911733645920025
9654           0.014265294744975033
9839           0.059239058812800234
9845           0.06576136208750258
9862           0.029390092505497165
9866           0.027805435754402325
9918           0.021938274216576306
9983           0.018302230406995853
10098          0.03577041266149616
10101          0.019299207839773215
10121          0.0475047357371482
10123          0.256324242300601
10146          0.029903251123670135
10163          0.017908460578412524
10179          0.024304827231832762
10212          0.022581458814799067
10276          0.02629664916935436
10294          0.0543091677804703
10314          0.021110011103734092
10317          0.05977948983600302
10360          0.052967308289535366
10388          0.045806097041685825
10414          0.02377562211623854
10416          0.015473368525888194
10456          0.015425410749697157
10472          0.06460537623637538
10497          0.02303911215306675
10572          0.02078222720597398
10615          0.05909892407195681
10745          0.039301777390525684
10746          0.036337856096036195
10841          0.015766965293576386
10844          0.01960704266776506
10929          0.042767853991077305
10930          0.022581458814799067
10947          0.04733017548398347
10955          0.015917672981315592
10956          0.026638869108473125
10981          0.019845495756028807
11017          0.04018172296473889
11032          0.006754694797220918
11063          0.07363605051988757
11099          0.013739881129939038
11102          0.015097105476771436
11152          0.054034939109248066
11153          0.03199280438895868
11183          0.025318887465271497
11186          0.03752798122547906
11213          0.02061562328927469
11215          0.021938274216576306
11245          0.02403608958584412
11302          0.059239058812800234
11306          0.02403608958584412
11315          0.010612783934605718
11536          0.07051450808664637
11625          0.021528027428347408
11630          0.03220946033945189
11707          0.04064059676654481
11732          0.07017456152010433
11808          0.03953052538446816
11824          0.016548861557738007
11842          0.04450751772841482
11857          0.04085897526305668
11871          0.03028646758354973
11889          0.00517833546435263
11904          0.02034355263093685
11913          0.023399359067121782
11925          0.0906738474614351
11926          0.029038499076737903
11953          0.04169430346322418
11973          0.04338854295658811
11987          0.02269357336583097
12003          0.023904854013558286
12008          0.036900692453251276
12017          0.07542302493708435
12025          0.05510903153111371
12026          0.05593491162475294
12031          0.044072666251846505
12035          0.0626827314868342
12048          0.041745515493062144
12050          0.04993982778967253
12060          0.015867138354471524
12068          0.023522930967671142
12142          0.053371897274974225
12155          0.05561087150880465
12171          0.020964267014597457
12173          0.010386551978535828
12176          0.017350157720672294
12182          0.08895699217475378
12200          0.020264084391662752
12261          0.01622486320806033
12299          0.02269357336583097
12300          0.09051527963411717
12336          0.03103353091542526
