t_index            tf-idf
15             0.08613501963655196
79             0.02824029517828527
116            0.0350622306645656
117            0.03695145310906331
132            0.029325322222853053
201            0.029100958283170424
214            0.034545098266985534
230            0.07557492834601855
262            0.030142536919650117
280            0.040968961903506844
303            0.041827258832163414
344            0.03244060847054649
373            0.027931677089591284
374            0.014731015043647077
448            0.17307891538411377
455            0.037156383110239326
493            0.022587847312273212
524            0.03560076763156996
526            0.054991005148007345
566            0.047708844582829465
590            0.04373497848820954
664            0.05583083112092495
674            0.033180640757792895
678            0.0723251157419172
682            0.03823243272352091
740            0.09636417791718832
769            0.02754386223906829
846            0.03597258681628935
952            0.013400594256063658
1111           0.05583083112092495
1308           0.05957199985654106
1314           0.11746910086236859
1335           0.037156383110239326
1347           0.028136607090767304
1353           0.038689068563357444
1523           0.02816767412852218
1542           0.025441096800507743
1550           0.04373497848820954
1761           0.04971477441171228
1812           0.044641818011179446
1912           0.04274619013156698
1956           0.127196545818251
1992           0.04480512527257012
2000           0.03038577364891099
2040           0.05186748412295258
2084           0.08410121604148955
2165           0.053905621593634656
2170           0.03990610315413555
2264           0.02030554620338103
2278           0.19203234350243809
2354           0.026801188512127316
2356           0.04212641651612722
2458           0.03916231293912214
2480           0.06401078116747937
2628           0.010840845266836686
2701           0.02866351251631949
2754           0.022929409864562808
2760           0.03280748281269139
2777           0.051452389866006414
2825           0.020476394864993818
2874           0.06401078116747937
2897           0.030263586965892056
2898           0.06682567565412476
2929           0.06401078116747937
2935           0.03088632713466353
3236           0.01769940577060469
3266           0.046846358287692944
3282           0.11172670835836514
3303           0.05873455043118429
3317           0.11538594358940919
3329           0.04627747066966847
3337           0.09276873629942224
3339           0.029553622572195352
3394           0.09276873629942224
3438           0.09114160823068074
3439           0.07154388883354397
3588           0.01625448790442768
3677           0.041415478756585154
3800           0.029553622572195352
3816           0.02899021049867571
3888           0.04236629033384767
3900           0.027729924426029198
3948           0.07677410247012834
3963           0.07083753531189037
4022           0.021122760900178096
4143           0.049183566527488655
4166           0.0633682827005343
4279           0.0730305571869514
4286           0.03251504834568584
4299           0.054991005148007345
4317           0.02030554620338103
4353           0.035122431185251844
4407           0.014224898457875754
4437           0.03655102809586835
4461           0.08205033320642341
4621           0.02436282542013202
4696           0.026308937393789547
4709           0.03295620198722583
4858           0.012940434306062846
4923           0.02667295514773976
4928           0.027142781851486584
4969           0.020649516524413405
4984           0.13550865290131264
4987           0.050847034851635435
5002           0.06862095145989468
5135           0.047708844582829465
5143           0.02834481611076709
5367           0.040426684017651586
5377           0.06077154729782198
5391           0.057692971794704596
5468           0.040968961903506844
5469           0.03523927810497047
5517           0.049183566527488655
5529           0.054991005148007345
5799           0.02426628397674151
5800           0.051452389866006414
5807           0.054202109909902645
5813           0.054202109909902645
5846           0.17307891538411377
6005           0.01001982760774669
6007           0.02502795777933194
6054           0.050414111736015906
6190           0.05345831969488923
6206           0.02486630618335505
6211           0.021002826538434057
6248           0.039940868958407386
6286           0.03674970044550122
6359           0.0730305571869514
6560           0.0424326138465344
6567           0.06909019653397107
6581           0.018315791374881932
6617           0.0350622306645656
6635           0.04832548199229478
6729           0.10973216761423858
6730           0.09836713305497731
6814           0.02416274099614739
6869           0.03635534341382597
6908           0.04971477441171228
6929           0.04335316012104452
6963           0.04480512527257012
6981           0.06401078116747937
7022           0.021365997629438967
7038           0.4065259587039379
7099           0.028450183375799895
7174           0.015529129400899849
7182           0.059866810871107456
7186           0.030142536919650117
7191           0.02030554620338103
7217           0.021489342497331015
7226           0.07431276622047865
7269           0.014767930773747356
7309           0.04451004268020252
7458           0.041248817552584416
7464           0.03635534341382597
7480           0.014331707151638642
7481           0.010305264071823047
7539           0.014916649948281803
7551           0.024548905420371872
7770           0.15762219867353205
7830           0.01975172704303687
7908           0.08900787763165627
7949           0.02130174842433486
7968           0.04212641651612722
8089           0.021062655545589205
8095           0.01916857183979349
8168           0.040724493772528784
8282           0.07677410247012834
8321           0.0891325875787329
8323           0.020824972478711824
8324           0.02866351251631949
8349           0.029100958283170424
8351           0.06401078116747937
8409           0.03075937211662121
8429           0.09636417791718832
8600           0.035418767655945184
8704           0.024393061807590356
8786           0.08205033320642341
8824           0.029553622572195352
8833           0.05105064449502703
8886           0.01564724929938493
8910           0.061107061857220014
8938           0.026143942163152172
8974           0.04971477441171228
8982           0.02386185392336674
9108           0.040968961903506844
9147           0.03237125919058269
9156           0.034887559771721574
9261           0.044438543675417205
9334           0.052940686912928935
9337           0.05829122206898363
9354           0.04373497848820954
9429           0.06837512141701849
9430           0.03251504834568584
9470           0.06247809571436124
9547           0.059866810871107456
9564           0.0489415006275307
9571           0.01584653016388303
9652           0.022929409864562808
9720           0.07677410247012834
9809           0.040968961903506844
9845           0.0252742639238997
9855           0.09942954882342456
9916           0.04339696503893751
9918           0.03372641411209496
10123          0.039405549668383014
10163          0.02753125207639633
10212          0.06943040493747504
10282          0.06775432645065632
10314          0.008113274651493627
10330          0.026042454645093575
10416          0.04757541358643875
10486          0.031675222372768236
10587          0.22985614564267662
10593          0.02205933665805888
10615          0.018170935116892998
10722          0.05345831969488923
10745          0.045314914240589005
10756          0.1010970556955988
10797          0.04212641651612722
10840          0.07083753531189037
10886          0.047708844582829465
10894          0.02173959609714919
10947          0.007276220009889488
10984          0.015412072064622586
11007          0.04188654269840677
11032          0.01038420942700015
11063          0.016171866762534164
11067          0.031014532961197543
11076          0.035771944416771985
11095          0.04518233389043062
11099          0.021122760900178096
11108          0.04274619013156698
11125          0.08816401336807524
11141          0.029325322222853053
11149          0.040968961903506844
11190          0.07120153526313992
11233          0.06713736287968777
11625          0.016547864269022095
11630          0.0165055462280415
11633          0.040838391425940875
11673          0.051452389866006414
11732          0.03596053634540138
11736          0.06775432645065632
11754          0.07677410247012834
11760          0.06474251838116538
11808          0.12154309459564396
11860          0.05345831969488923
11873          0.04153482436515786
11889          0.007960821555878966
11949          0.034545098266985534
12002          0.013771931119534144
12004          0.061107061857220014
12025          0.05648059035657054
12035          0.04818208895859416
12047          0.02205933665805888
12060          0.09757224723036143
12134          0.02667295514773976
12171          0.0644580830662248
12173          0.06387032084049986
12200          0.01038420942700015
12255          0.05672862060230148
12266          0.01975172704303687
12267          0.02783040976036013
