t_index            tf-idf
29             0.096064385925674
68             0.028285721422252524
84             0.027572604261698906
103            0.02871151879572337
105            0.03174516098933479
106            0.03244725934869551
111            0.02882018601083732
116            0.03498913117463942
119            0.14559083698441513
159            0.03334317707371468
184            0.05757269060521427
188            0.03667308283428287
189            0.04034240044740848
203            0.03349869577594753
236            0.047624211076708875
335            0.05785954051940469
343            0.02465512845937572
344            0.021581983113017532
390            0.04660559766507364
449            0.1114288644306588
522            0.03749784609948088
524            0.035526545372873856
587            0.02267602351746732
594            0.04689257641765367
638            0.0406101554267861
641            0.03464282648052885
674            0.04966719615074097
679            0.03687441487381397
711            0.018923297145949473
784            0.10669373423925385
836            0.09922225313330957
846            0.03589758937038374
878            0.04471171330928584
887            0.04576321097100392
938            0.01466356853293713
940            0.08187927057315736
956            0.025304546598711702
965            0.02538805593105847
979            0.03432773443591854
1068           0.03793074139957102
1073           0.09866247975326105
1122           0.02996000993639734
1133           0.042344148213583364
1178           0.05808057430336769
1184           0.06864481645650587
1205           0.09360590840849663
1208           0.03837856703350099
1323           0.08187927057315736
1352           0.0879802046290162
1353           0.038608407660611216
1450           0.05757269060521427
1535           0.019928799119833668
1541           0.04034240044740848
1573           0.05011438656654796
1620           0.023231644372715674
1682           0.03349869577594753
1696           0.026254087206920823
1893           0.041918077593057324
1903           0.08331716259570192
1914           0.03908066539286171
1992           0.04471171330928584
2040           0.1897842767375736
2050           0.05016379109714895
2075           0.10148205282690771
2164           0.049611126566654784
2200           0.03608716436390874
2214           0.07661403998626082
2292           0.05197869166235727
2371           0.012693301161395823
2432           0.042344148213583364
2448           0.13687924063728713
2453           0.03349869577594753
2576           0.025304546598711702
2628           0.010818243731099965
2641           0.04915237611125182
2642           0.039323395010039196
2643           0.05487635715355132
2647           0.031341429307539796
2701           0.057207506787238065
2702           0.05077611186211694
2727           0.04908102617116321
2760           0.0327390841337165
2778           0.04689257641765367
2825           0.061301113962412945
2838           0.030569777185608243
2930           0.03589758937038374
3043           0.05757269060521427
3052           0.07255909595569253
3064           0.05197869166235727
3086           0.032021461975224666
3106           0.04471171330928584
3138           0.049611126566654784
3217           0.17583629311957039
3236           0.017662505165329308
3267           0.02288160548550196
3282           0.027873443733945284
3387           0.03884238978239112
3389           0.05861209770652346
3394           0.046287663701989876
3397           0.08678931077910702
3404           0.029723900587742887
3439           0.01784868264008171
3465           0.056610349940348574
3581           0.05974199755332253
3606           0.027572604261698906
3620           0.04034240044740848
3658           0.0229508624839426
3667           0.05785954051940469
3677           0.12398740109303344
3680           0.03464282648052885
3699           0.0540891066436461
3762           0.023374345329927295
3800           0.058984015407174836
3828           0.05757269060521427
3847           0.06387732829342
3915           0.04712233758386266
3922           0.06998063394209461
3930           0.020433704654137647
3998           0.08348011054717035
4002           0.06387732829342
4022           0.021078723113124347
4045           0.04269201969854099
4056           0.09070409406986928
4098           0.019928799119833668
4153           0.035710742169417165
4166           0.06323616933937304
4170           0.060979662802225935
4184           0.042977720522488584
4195           0.03349869577594753
4286           0.03244725934869551
4299           0.05487635715355132
4347           0.1853945881334341
4428           0.04338854460252901
4448           0.014737141853979141
4544           0.030569777185608243
4549           0.06782463944114624
4580           0.04857171946534559
4593           0.03188257662537063
4621           0.009724813033887445
4705           0.0312095940997921
4762           0.06761306884639214
4769           0.04338854460252901
4824           0.032524042645636235
4869           0.02156880604573956
4928           0.027086193224040062
4938           0.0319496142057651
4985           0.0327390841337165
4989           0.0557144322153294
5010           0.028285721422252524
5037           0.06861103547716077
5063           0.0439901023145081
5143           0.05657144284450505
5221           0.03423894353626069
5233           0.04671346107546073
5244           0.031474616694851035
5309           0.02505719328327398
5422           0.0355105204969189
5437           0.04857171946534559
5458           0.03608716436390874
5469           0.07033161899539325
5578           0.060979662802225935
5624           0.029040287151683844
5746           0.06561132108021726
5749           0.027572604261698906
5759           0.050741026413453856
5799           0.04843138483150349
5939           0.09734177804608653
5975           0.05134511935345204
6010           0.02254075503988319
6076           0.03846498809836463
6177           0.025139121986755466
6449           0.01499798159945233
6481           0.07586148279914204
6555           0.045475795826557315
6581           0.018277605698108913
6627           0.032161848817411604
6654           0.02175746296818167
6670           0.0439901023145081
6730           0.04908102617116321
6769           0.02689661823051506
6772           0.04364379762039752
6775           0.08808187449302711
6814           0.024112365306735772
6815           0.13413513992785753
6865           0.03884238978239112
6866           0.03884238978239112
7148           0.049628927332192985
7174           0.015496753496210176
7186           0.03007969425299303
7191           0.12157927311809319
7253           0.03749784609948088
7259           0.013044717983291081
7279           0.019819214870968643
7341           0.043306488878449054
7355           0.062347838259495594
7371           0.10883864393353881
7393           0.0336560995992444
7458           0.04116281995728027
7481           0.041135116570060665
7533           0.05398211956887274
7534           0.02304809834100299
7539           0.014885550971349663
7586           0.02871151879572337
7602           0.03334317707371468
7770           0.07864679002007839
7830           0.019710547655854692
7836           0.08531414147822616
7949           0.010628668737574962
8089           0.0420374861383622
8095           0.019128608243708937
8097           0.0281814184002318
8205           0.048073293957857005
8249           0.015575216915757228
8317           0.04434589597975824
8349           0.029040287151683844
8375           0.045875386013682636
8444           0.08301633508324256
8451           0.05861209770652346
8648           0.043306488878449054
8659           0.04265707073911308
8770           0.03334317707371468
8772           0.02767211169441419
8813           0.04434589597975824
8833           0.025472105780645075
8859           0.03749784609948088
8864           0.030569777185608243
8869           0.025556703190115666
8886           0.01561462713243054
8923           0.041448230488564185
8927           0.04808163653273039
8938           0.013044717983291081
8953           0.06894615384102751
8982           0.047624211076708875
8992           0.03837856703350099
9023           0.019983939994307906
9108           0.040883547765239316
9156           0.034814824444398
9326           0.03884238978239112
9334           0.06867940758165159
9337           0.09694948936239592
9381           0.035165809497696626
9419           0.04715369497785223
9429           0.20469770864519504
9430           0.03244725934869551
9441           0.007964301030123357
9466           0.03188257662537063
9469           0.0339767493826199
9564           0.024419732471142607
9571           0.047440477578683436
9578           0.027086193224040062
9621           0.026617346038474102
9623           0.10148205282690771
9654           0.04376954869008691
9711           0.04808163653273039
9727           0.045475795826557315
9772           0.09016302015953276
9894           0.01514941954228638
9919           0.02426513949740252
10000          0.02156880604573956
10137          0.05657144284450505
10169          0.05134511935345204
10214          0.06948263303262876
10266          0.05134511935345204
10314          0.02428907907367204
10317          0.06113955437121649
10330          0.02598816003477074
10416          0.02373811299384782
10460          0.045475795826557315
10490          0.0557144322153294
10574          0.02777238753190064
10615          0.03626610288736506
10643          0.032161848817411604
10745          0.015073479814599701
10746          0.027873443733945284
10812          0.02882018601083732
10884          0.05861209770652346
10892          0.10148205282690771
10893          0.09170933155682473
10894          0.06508281690379351
10947          0.007261050182949438
11007          0.04179921554186282
11021          0.050741026413453856
11032          0.0103625599084723
11048          0.04715369497785223
11076          0.01784868264008171
11200          0.13526440651133226
11211          0.0540891066436461
11296          0.02330279883253682
11315          0.0244220381422573
11347          0.049611126566654784
11493          0.05552253738253312
11630          0.016471134640776403
11633          0.08150649901505452
11639          0.043306488878449054
11814          0.03749784609948088
11889          0.0211845984998359
11907          0.045875386013682636
11953          0.042642905460603675
11961          0.02937759589363231
12002          0.013743218709597438
12003          0.07334616566856574
12025          0.0281814184002318
12026          0.028603753393619032
12047          0.02201334625108105
12105          0.042038589258665854
12153          0.030322423870170517
12171          0.032161848817411604
12173          0.04780287060385987
12182          0.03899180763948707
12200          0.0207251198169446
12201          0.06215816778285171
12266          0.1773949289026922
12267          0.16663432519140384
