t_index            tf-idf
29             0.14563666538760214
76             0.05117404048620686
79             0.10986152630680916
105            0.020625717447416876
106            0.021081890354693496
111            0.03745055907205739
116            0.02273341545129271
119            0.06306295454147792
132            0.019013756988624408
150            0.023698712007932714
170            0.030637072199495578
269            0.06840955230302033
289            0.02422620523466206
330            0.017786852886020447
336            0.028137434979355856
337            0.037592958964408646
343            0.01601912535279621
344            0.014022417016362717
374            0.02865359208405238
390            0.015140479036013605
403            0.04050913132334223
435            0.010592888185689516
450            0.01601912535279621
482            0.03466094905878679
496            0.01451521943665773
513            0.1048463358630745
552            0.026930072619248943
571            0.035573705772040894
578            0.03514320280151841
587            0.029466491227396467
594            0.01523370809013805
644            0.02835659388695472
674            0.07529704954489995
711            0.012294994510722208
736            0.02464466174675977
769            0.008929352918305987
938            0.00952732989550141
952            0.01737717599497609
956            0.01644107045024496
958            0.016715920276553047
959            0.030074387499217505
964            0.03881604385919108
979            0.022303687523370624
992            0.030074387499217505
1122           0.05839756489603638
1131           0.047351065967637176
1178           0.16981456853387647
1179           0.059047430496748064
1184           0.014866817958358605
1205           0.012163674450358437
1265           0.03881604385919108
1301           0.047351065967637176
1332           0.034204776151510165
1374           0.018940707670384683
1535           0.025896594435297755
1581           0.03093314270214745
1620           0.03018849599354617
1630           0.04729721590610845
1686           0.03259281569271769
1696           0.017058013495402286
1740           0.017116402265120446
1881           0.034204776151510165
1927           0.014911816163961429
1929           0.047351065967637176
1941           0.059047430496748064
1969           0.03649102335107531
1971           0.030637072199495578
1992           0.029050448527165054
2040           0.2354064558477836
2078           0.0239408979549878
2084           0.05452898597699053
2127           0.03972407554478487
2150           0.03377200726354388
2152           0.03956259788092428
2159           0.026563182487469496
2160           0.030074387499217505
2165           0.017475483841459333
2185           0.032967861594635633
2225           0.03582938168008081
2269           0.08786019729097941
2354           0.01737717599497609
2448           0.08893426443010224
2454           0.01978129894046214
2521           0.04050913132334223
2594           0.03988711340346904
2628           0.021086745020753396
2675           0.08135903799024057
2702           0.016495328795124217
2778           0.01523370809013805
2825           0.05310539376276029
2829           0.06352848328734474
2838           0.019862037772392434
2898           0.021663993115444535
2923           0.059047430496748064
2933           0.022620163501858574
2934           0.02792382499898843
3086           0.020805237912514596
3109           0.01946585496534546
3243           0.031239981736639322
3267           0.02973363591671721
3276           0.031239981736639322
3283           0.02792382499898843
3339           0.019161780847657392
3404           0.019312448129145243
3432           0.03962018952809932
3469           0.01759865600785207
3481           0.02357183527790141
3545           0.02273341545129271
3579           0.03223373411637881
3588           0.021077953083732864
3592           0.04312828819485025
3606           0.03582938168008081
3664           0.03336035764455543
3674           0.08194093558655083
3677           0.0537053842178471
3684           0.029295020536962965
3710           0.03962018952809932
3722           0.09694401445271172
3817           0.02422620523466206
3856           0.08101826264668446
3864           0.026211583965768625
3887           0.024091208057852514
3915           0.015308349212547348
3993           0.07616383276186851
4010           0.027119679330080186
4045           0.009246065732217638
4098           0.012948297217648877
4117           0.02881276679423134
4166           0.05478173977189191
4168           0.06840955230302033
4188           0.02792382499898843
4203           0.03740658456605877
4353           0.011386223931848941
4448           0.009575132536413844
4511           0.029806519173970827
4549           0.014689187322712467
4567           0.022075642734432983
4581           0.03881604385919108
4613           0.029546894272488165
4621           0.0031592412766989477
4696           0.017058013495402286
4705           0.0405554893715705
4812           0.030637072199495578
4824           0.010565889303286329
4928           0.01759865600785207
4989           0.07239844441190371
4998           0.022595133232834772
5010           0.03675604594021323
5037           0.02228925271480041
5143           0.018378022970106614
5216           0.026563182487469496
5285           0.03962018952809932
5307           0.08322095165005838
5309           0.016280358094884272
5326           0.030351039941396415
5370           0.02881276679423134
5398           0.018654675412285517
5422           0.04614435330324671
5430           0.052610535467798265
5799           0.01573361148581523
5813           0.03514320280151841
5842           0.03288214090048992
6005           0.006496589048666564
6020           0.05174810642963099
6063           0.027946779027906363
6159           0.019343116167363533
6177           0.016333589461057216
6190           0.03466094905878679
6199           0.04262950723125835
6206           0.03224529977076191
6227           0.020192948559450592
6255           0.01350235687082912
6277           0.016771981237303123
6357           0.022074101844363633
6449           0.009744607401921491
6456           0.036199222205951856
6627           0.020896451163606805
6654           0.014136431177813817
6663           0.05462585693491115
6733           0.059047430496748064
6769           0.017475483841459333
6825           0.019087444300251808
6872           0.04977828091004515
6920           0.03877760578108468
6929           0.014054516519311867
6961           0.059047430496748064
6963           0.3195549337988156
6979           0.06965826229132449
7005           0.034204776151510165
7099           0.01844634029520419
7186           0.019543617207528424
7191           0.0658278736203448
7205           0.019013756988624408
7259           0.03390206997469538
7351           0.059047430496748064
7393           0.02186730761735166
7456           0.024363397583476
7480           0.009292296771458158
7481           0.11358819349692724
7485           0.023958336909415383
7534           0.02495832169200616
7551           0.11141798985763524
7642           0.04150288370308172
7657           0.015471389823071767
7699           0.04977828091004515
7717           0.059047430496748064
7742           0.029295020536962965
7830           0.03841947944319021
7948           0.018310254384468195
8049           0.026211583965768625
8104           0.061274144398991155
8123           0.059047430496748064
8153           0.0148220584711496
8205           0.1249382453312484
8214           0.059047430496748064
8215           0.045468371792654776
8236           0.02604113082400604
8243           0.03188931308856149
8249           0.010119653303839429
8274           0.029295020536962965
8299           0.03223373411637881
8317           0.02881276679423134
8347           0.036199222205951856
8380           0.06014877499843501
8480           0.018243025793297066
8512           0.015002539011754868
8553           0.0550956822609415
8611           0.043930098645489704
8622           0.10494330650284528
8698           0.047351065967637176
8704           0.015815810850889088
8723           0.020192948559450592
8819           0.07406086127568222
8833           0.016549938329145912
8863           0.022620163501858574
8877           0.04050913132334223
8901           0.022075642734432983
8928           0.03093314270214745
8938           0.05085310496204308
8953           0.02239812059370136
8967           0.04150288370308172
9038           0.025874053214815496
9040           0.07130940287705255
9091           0.03377200726354388
9095           0.014302685691198495
9242           0.03155840230150332
9334           0.05148799464795858
9336           0.035654701438526275
9337           0.11338342227583868
9376           0.04050913132334223
9441           0.010349257499036407
9536           0.04050913132334223
9571           0.051372338104127536
9574           0.014777535182861432
9580           0.017786852886020447
9614           0.07297210317318827
9629           0.053199248232192624
9646           0.02835659388695472
9711           0.031239981736639322
9772           0.058581431627990725
9817           0.0148220584711496
9845           0.03277431761284376
9866           0.05543097976381421
9867           0.04050913132334223
9919           0.01576573863536948
9931           0.5150624638652912
9938           0.045468371792654776
9991           0.02792382499898843
9994           0.03155840230150332
10000          0.02802771101567397
10180          0.02523698515509779
10225          0.036781324966702895
10294          0.036088991217628055
10314          0.015781292846485682
10321          0.03716931444326819
10388          0.02739475324829241
10414          0.023698712007932714
10416          0.030846629601938583
10472          0.021465462930961497
10572          0.0414300004458281
10615          0.047126199254434176
10616          0.06840955230302033
10649          0.01723440619640439
10652          0.03740658456605877
10653          0.02881276679423134
10745          0.009793660700278905
10814          0.02296458452967589
10840          0.02296458452967589
10894          0.028190748874358146
10895          0.08253652613999996
10947          0.014153121116192645
10956          0.013276348440690073
10975          0.03532184606509206
10981          0.01978129894046214
10997          0.06446746823275762
10999          0.034204776151510165
11032          0.026931378017063697
11067          0.02010899618965959
11149          0.026563182487469496
11158          0.03740658456605877
11315          0.026446133442798257
11373          0.04977828091004515
11493          0.018037271387606316
11506          0.030074387499217505
11577          0.053199248232192624
11584          0.030637072199495578
11630          0.010701756064590468
11889          0.02408739399124244
11949          0.04479624118740272
11956          0.081110978743141
11970          0.09801143070736386
11973          0.03243614127986513
11989          0.02792382499898843
12020          0.016280358094884272
12042          0.03808191638093426
12048          0.020805237912514596
12060          0.015815810850889088
12125          0.022508411622399273
12133          0.020025870950260045
12134          0.017294032900766584
12182          0.012667033054365109
12201          0.020192948559450592
12266          0.03841947944319021
12267          0.05413348682644208
12271          0.015967835568394876
