t_index            tf-idf
23             0.05214119066478591
30             0.045040777486450675
68             0.01662894796896072
76             0.030869133130398827
111            0.01694315539899772
116            0.02056982861057557
141            0.0317985504643046
152            0.0301853824211438
188            0.06467943071442216
189            0.09486789012284773
193            0.02167817172377755
234            0.026285656396173106
273            0.028266807136700663
303            0.024538642554117272
326            0.0194225497916299
344            0.01903181125712884
362            0.024035108683487315
365            0.03755296719255162
387            0.029830241043708627
390            0.013699527883088187
429            0.024199290557490122
448            0.033846521437986415
450            0.014494551586598781
454            0.05342776266132568
456            0.021778062159278543
457            0.023411565289429587
485            0.02110390387220647
496            0.026267551103058444
571            0.01609404078198717
674            0.029198944874889683
677            0.017405973637653383
711            0.011124854089583889
744            0.01435616417968078
769            0.024238583004796904
774            0.03328076910642745
854            0.045950417294218615
937            0.053915177907637064
938            0.008620593922051117
945            0.1033727415218039
952            0.007861676850060392
956            0.014876339283928699
1059           0.02545953626311141
1143           0.01969361363532496
1276           0.09408658146595295
1362           0.018991126372679547
1487           0.05342776266132568
1523           0.05783758659106928
1535           0.023431961214669537
1550           0.02565783735770269
1559           0.04813616417173433
1620           0.01365769674883985
1636           0.024035108683487315
1696           0.015434566565199414
1842           0.03136219382198431
1856           0.056533614273401325
1870           0.024714148281221253
1893           0.02464330044293771
1899           0.022044681923714855
1914           0.045950417294218615
1927           0.013492627336278897
1932           0.05342776266132568
1969           0.011006032034860055
1983           0.032754066286604974
2000           0.07130523578347309
2014           0.045040777486450675
2064           0.03055785448229727
2094           0.018743510193895956
2111           0.027212144948143425
2276           0.013699527883088187
2354           0.007861676850060392
2355           0.036653792311575666
2360           0.019974657503114557
2371           0.052236027142939165
2380           0.026503056941261302
2478           0.01782630894586827
2519           0.07169890594377724
2523           0.023263324458803705
2628           0.031799792099075054
2641           0.014448143158579277
2642           0.02311790743545963
2653           0.012570805856377704
2663           0.03938722727064992
2667           0.02007068597555666
2676           0.03669573836709993
2754           0.013451911704304605
2760           0.019247044064525914
2778           0.013783884132547258
2795           0.024199290557490122
2801           0.03136219382198431
2806           0.026285656396173106
2819           0.017138080785862403
2886           0.027721277765045113
2892           0.026582373097805086
2897           0.03550925227691078
2935           0.01811996679983823
2984           0.045040777486450675
3022           0.026734854358424973
3034           0.034457580507267965
3057           0.02855492294839506
3117           0.02283512833345428
3141           0.03094943584729404
3149           0.03454170436565537
3150           0.05342776266132568
3266           0.013741589493068255
3267           0.013451911704304605
3292           0.027989170616836097
3305           0.023716972530711932
3358           0.09584740794337346
3359           0.019974657503114557
3387           0.02283512833345428
3404           0.034948883850583846
3433           0.042844565682142975
3444           0.034457580507267965
3545           0.02056982861057557
3568           0.15904171184827945
3569           0.04813616417173433
3576           0.03974917899685932
3601           0.02256245067241904
3634           0.03055785448229727
3675           0.03857236759601881
3683           0.02565783735770269
3704           0.05342776266132568
3718           0.013533561283677064
3738           0.048398581114980244
3762           0.013741589493068255
3822           0.036653792311575666
3873           0.020266444467993108
3875           0.018825159773268423
3879           0.02192054645855207
3884           0.013017811353680754
3888           0.012427437081375555
3900           0.032536423497098725
3959           0.0415579936856032
4022           0.012392011667926594
4045           0.03346439303699398
4056           0.026662103439811444
4075           0.018662724647448344
4078           0.021490514568380352
4096           0.023874383528085255
4117           0.05214119066478591
4140           0.01694315539899772
4166           0.012392011667926594
4175           0.01969361363532496
4202           0.0207789968428016
4211           0.03974917899685932
4227           0.04652664891760741
4303           0.41052539772324304
4315           0.28881698503040604
4317           0.07147547614586652
4346           0.029490889047081473
4405           0.05342776266132568
4407           0.008345268333912782
4427           0.02056982861057557
4448           0.017327694170686414
4549           0.03987355964670763
4567           0.039949315006229114
4574           0.12828918678851345
4621           0.005717139313306132
4652           0.016690763390906485
4673           0.014448143158579277
4769           0.025507776162879615
4788           0.01969361363532496
4801           0.04813616417173433
4817           0.014541243859979043
4824           0.00956031145221317
4831           0.045040777486450675
4836           0.026285656396173106
4858           0.02657100782577892
4866           0.02283512833345428
4902           0.018662724647448344
4923           0.03129624701722462
4938           0.00939146052393185
5002           0.040257598671586035
5010           0.01662894796896072
5056           0.03512183953329998
5105           0.02507774856578149
5137           0.04813616417173433
5143           0.01662894796896072
5146           0.027721277765045113
5178           0.015812305382615112
5205           0.02855492294839506
5221           0.020128799335793018
5222           0.042844565682142975
5233           0.02746246779701362
5286           0.042844565682142975
5333           0.045040777486450675
5334           0.01662894796896072
5337           0.018991126372679547
5386           0.0122867111998457
5458           0.021215353485121883
5490           0.1987458949842966
5493           0.09364626115771835
5557           0.03512183953329998
5799           0.014236210673315226
5836           0.027989170616836097
5842           0.014876339283928699
5846           0.033846521437986415
5859           0.034457580507267965
5860           0.045040777486450675
5981           0.02885434026163428
5998           0.01969361363532496
6005           0.01763488511931644
6025           0.027721277765045113
6054           0.019717506431828763
6071           0.03325789593792144
6085           0.026070595332392955
6152           0.01907548262213861
6153           0.024199290557490122
6159           0.008751095610987395
6211           0.012321650221468855
6255           0.024434618481930667
6348           0.07949835799371864
6395           0.05025925030237051
6406           0.013056270693958613
6407           0.010548417133608585
6434           0.019247044064525914
6449           0.017634385344721542
6586           0.045040777486450675
6613           0.018347869183549966
6635           0.01417546549754403
6663           0.024713499765673105
6675           0.03974917899685932
6693           0.024538642554117272
6775           0.010356525019020953
6788           0.026582373097805086
6791           0.01603685577378153
6814           0.01417546549754403
6901           0.034457580507267965
6917           0.05342776266132568
6930           0.033846521437986415
6979           0.06302873933364844
6992           0.1331230764257098
7004           0.05342776266132568
7098           0.22299177586517477
7099           0.016690763390906485
7174           0.054662499936853515
7205           0.01720417784723578
7217           0.012607072731706746
7228           0.045950417294218615
7247           0.042844565682142975
7259           0.038344423565463935
7309           0.039168812081875844
7376           0.020167937773520057
7379           0.04434173861484453
7480           0.008407929393496834
7481           0.006045750989778007
7504           0.011094974744594841
7534           0.02258298585675053
7539           0.01750219122197479
7558           0.013451911704304605
7580           0.03226136870296026
7586           0.050637812453492734
7616           0.30208714576714985
7657           0.01399894519632741
7713           0.08228210292295995
7718           0.05342776266132568
7723           0.028266807136700663
7765           0.02916598201767661
7808           0.03584945297188862
7832           0.10632949239122035
7851           0.019786150076190136
7908           0.017405973637653383
7949           0.031242544034497978
7953           0.09251836917086845
8028           0.034457580507267965
8166           0.018743510193895956
8168           0.035837531209899194
8197           0.07162315058425577
8198           0.03748702038779191
8219           0.017405973637653383
8249           0.02746963400696376
8250           0.05342776266132568
8269           0.029490889047081473
8299           0.02916598201767661
8321           0.04183286722745923
8323           0.012217309240965334
8349           0.017072551088236403
8408           0.03055785448229727
8458           0.03226136870296026
8497           0.03857236759601881
8511           0.021328454263372886
8557           0.02036623886811133
8561           0.033846521437986415
8742           0.0317985504643046
8749           0.016268211748549363
8750           0.01554059830996072
8765           0.03094943584729404
8800           0.036653792311575666
8807           0.022299177586517477
8820           0.03857236759601881
8851           0.05342776266132568
8859           0.022044681923714855
8878           0.08480042141010198
8879           0.07510593438510324
8886           0.009179713618180442
8938           0.023006654139278365
8965           0.03669573836709993
8996           0.030764195770258698
9044           0.032754066286604974
9105           0.02650695197471324
9122           0.02507774856578149
9147           0.018991126372679547
9156           0.020467355086759276
9269           0.011124854089583889
9334           0.024846812896605106
9426           0.032754066286604974
9440           0.018195180835816466
9441           0.004682148475621765
9464           0.033846521437986415
9466           0.018743510193895956
9469           0.019974657503114557
9571           0.03718649993057176
9578           0.01592375499553053
9591           0.053469708716849945
9593           0.05342776266132568
9616           0.02269757212724474
9671           0.011337349479369364
9794           0.02311790743545963
9817           0.026822824142787572
9846           0.03512183953329998
9867           0.036653792311575666
9884           0.024035108683487315
9894           0.008906221820117728
9983           0.016506798756677436
10001          0.02885434026163428
10023          0.05342776266132568
10060          0.05172285420033386
10137          0.01662894796896072
10212          0.02036623886811133
10214          0.027232187156614823
10231          0.03755296719255162
10233          0.02311790743545963
10314          0.028558708197720793
10330          0.015278230120984216
10388          0.008262512370152754
10392          0.03328076910642745
10416          0.01395544557493456
10456          0.04173657723492742
10564          0.0317985504643046
10567          0.018582785038493897
10593          0.03882440726549364
10615          0.09594247501300783
10639          0.022044681923714855
10682          0.02545953626311141
10698          0.027721277765045113
10746          0.016386573234186196
10756          0.014827558524348987
10790          0.021328454263372886
10814          0.0415579936856032
10841          0.014220240774867542
10844          0.01768361015751795
10858          0.020167937773520057
10877          0.016506798756677436
10912          0.045040777486450675
10947          0.01707485185048726
10959          0.01564812350861231
10975          0.03196019187370992
10977          0.014876339283928699
10984          0.02712522919058156
10986          0.03226136870296026
10998          0.045040777486450675
11007          0.12286711199845698
11017          0.01811996679983823
11063          0.009487488996373951
11067          0.018195180835816466
11068          0.05342776266132568
11076          0.010493096870526105
11080          0.019974657503114557
11099          0.024784023335853188
11106          0.02855492294839506
11152          0.024367081111729968
11157          0.024367081111729968
11184          0.05342776266132568
11213          0.027889874947928824
11296          0.013699527883088187
11300          0.028266807136700663
11315          0.028715039330344225
11381          0.028266807136700663
11482          0.034457580507267965
11490          0.022170869307422264
11493          0.032641252858853
11494          0.1179635561883259
11519          0.03857236759601881
11584          0.027721277765045113
11588          0.03584945297188862
11603          0.024538642554117272
11620          0.018907692067898767
11625          0.009708074056704319
11694          0.029490889047081473
11706          0.024035108683487315
11721          0.05342776266132568
11732          0.010548417133608585
11808          0.03565261789173654
11853          0.026285656396173106
11871          0.06828848374419925
11889          0.018681382433468136
11926          0.01309492476590328
11973          0.009783041888928621
12025          0.01656762906178858
12044          0.029490889047081473
12080          0.03857236759601881
12109          0.0388450995832598
12125          0.02036623886811133
12152          0.022044681923714855
12173          0.00936764096358038
12200          0.01827619670407208
12201          0.018271143282451573
12235          0.045040777486450675
12236          0.04813616417173433
12258          0.10685552532265136
12261          0.019510959110768625
12287          0.0194225497916299
12300          0.016327163106346246
