t_index            tf-idf
6              0.042091137042467225
15             0.0417715952305046
36             0.0408588197146373
55             0.0637700071893625
106            0.06307332112431138
111            0.028011377287509038
119            0.11792081722515431
141            0.052571151788185964
177            0.052571151788185964
178            0.08001525594648201
188            0.0356438906806807
210            0.021024325113998647
283            0.06801669980318498
302            0.06801669980318498
303            0.04056866377719491
330            0.026607573253531493
338            0.042091137042467225
344            0.010488153535234919
374            0.028575508560124696
380            0.038705316263118045
390            0.022648829875964758
449            0.054150864278117064
500            0.05926833161229151
505            0.035074415406399044
522            0.10933652345268033
525            0.04056866377719491
576            0.18428233050853912
628            0.021713496306898658
635            0.04627327080757558
641            0.033670611372421506
674            0.08045556273578341
677            0.028776534425788664
689            0.05333630892646559
755            0.06801669980318498
769            0.013357529485567064
836            0.048218841592291145
854            0.03798390692394223
887            0.0444789137694889
950            0.07958141349914596
952            0.012997366262281004
956            0.04918880132136063
979            0.03336436206027089
983            0.04498864827680915
1023           0.03008129614609206
1073           0.09589361926569753
1106           0.03708200708940697
1113           0.03752490261668212
1205           0.07278316429420532
1292           0.0605981106399036
1330           0.0569672097831846
1412           0.07052910513131418
1457           0.03973619326653136
1523           0.04098015025408145
1541           0.03921023268868557
1570           0.04770361791633053
1584           0.03708200708940697
1740           0.025604637876329772
1842           0.051849742449010146
1879           0.07958141349914596
1899           0.03644550781756011
1927           0.022306770257128364
1969           0.05458737322065399
1971           0.04583037528030043
1988           0.0708330453082525
2000           0.02947145639447728
2040           0.08384462601276262
2078           0.035813485397032586
2179           0.02822530151739932
2200           0.035074415406399044
2285           0.02759410862671319
2371           0.024674153575701015
2524           0.0708330453082525
2528           0.0708330453082525
2628           0.010514640905722121
2653           0.04156552629764042
2736           0.043101374258116686
2822           0.05926833161229151
2825           0.01986025385933828
2830           0.04498864827680915
2852           0.054150864278117064
2892           0.021973737019610768
3168           0.051849742449010146
3180           0.052571151788185964
3241           0.058065400158981824
3336           0.04720860437664168
3337           0.04498864827680915
3397           0.05623577233545669
3439           0.017347777815463723
3556           0.038705316263118045
3588           0.047296156124733146
3594           0.02911921323305725
3640           0.069059059215452
3677           0.020084637145232676
3699           0.052571151788185964
3717           0.0708330453082525
3720           0.0805700575060983
3727           0.05051996342139806
3881           0.06208467711735905
3915           0.011449974474788224
4022           0.020487170542155316
4045           0.041493912304796245
4056           0.04407928872418478
4078           0.01776466359132909
4096           0.07894094680279537
4098           0.019369517976834887
4102           0.03506272508358062
4144           0.055021638998469034
4200           0.055021638998469034
4204           0.0605981106399036
4408           0.05116734775420841
4448           0.0716177960225727
4549           0.1977636331764969
4621           0.014177844315800395
4671           0.07958141349914596
4769           0.04217088995748793
4824           0.015805644507626847
4848           0.06208467711735905
4904           0.028117886167728343
4917           0.07958141349914596
4930           0.04931703196808837
4938           0.015526490657824233
4988           0.09080499217444722
4992           0.03489016063906655
5002           0.049917094478117104
5071           0.06208467711735905
5109           0.030722105210504225
5180           0.042091137042467225
5221           0.03327806298541141
5244           0.030591314118780327
5398           0.027905759705436694
5458           0.3156697386575914
5592           0.09980834332858918
5606           0.02983381316963742
5763           0.042091137042467225
5793           0.0899772965536183
5799           0.03530415606690524
5830           0.03798390692394223
5939           0.09460998168646709
6004           0.06801669980318498
6010           0.04381634410895633
6031           0.026607573253531493
6054           0.04889713564188114
6065           0.02177805515561278
6111           0.030854265867353972
6183           0.032407435282507675
6195           0.030591314118780327
6395           0.02769713962666666
6449           0.04373123625663633
6537           0.058065400158981824
6567           0.0335056256583049
6654           0.06344058679477997
6680           0.07958141349914596
6744           0.0698667497767911
6769           0.05228358489634619
6772           0.1272569386899449
6775           0.05136596865170999
6799           0.07958141349914596
6804           0.03973619326653136
6949           0.017624166102599162
6992           0.055021638998469034
6995           0.04028502875304915
7003           0.05116734775420841
7013           0.042091137042467225
7014           0.08551113114845652
7025           0.11853666322458302
7098           0.0368662543586218
7202           0.022718368494877586
7203           0.03545119644302045
7251           0.03286643958976778
7253           0.03644550781756011
7310           0.07446394616497151
7376           0.03334276885157377
7377           0.05926833161229151
7379           0.03665412789633015
7493           0.039470473401397685
7533           0.05246716719505265
7534           0.0074670924301306965
7539           0.04340341012033681
7549           0.017439236385272935
7551           0.023810221322259018
7602           0.032407435282507675
7758           0.058065400158981824
7832           0.021973737019610768
7941           0.0408588197146373
7949           0.01033038613838963
7950           0.07446394616497151
8076           0.06571557797407805
8095           0.01859178363033471
8205           0.02336208333285039
8219           0.028776534425788664
8272           0.07446394616497151
8309           0.02709120435378522
8321           0.017290112132772366
8345           0.05595697256753514
8384           0.051849742449010146
8401           0.0637700071893625
8470           0.02388648274705947
8492           0.039470473401397685
8509           0.043101374258116686
8553           0.0206045781553558
8578           0.07958141349914596
8598           0.09643768318458229
8614           0.06208467711735905
8819           0.02769713962666666
8832           0.035839572544678684
8852           0.06208467711735905
8864           0.02971186799485477
8886           0.015176418765854441
8945           0.03545119644302045
8957           0.028553144038247054
8976           0.0569672097831846
9023           0.01942311137967692
9032           0.05595697256753514
9049           0.04241897956331497
9059           0.0708330453082525
9113           0.037301512229140514
9145           0.0637700071893625
9234           0.0637700071893625
9257           0.06801669980318498
9263           0.04329853200673132
9325           0.06801669980318498
9334           0.020539074158527834
9354           0.1272569386899449
9419           0.04583037528030043
9481           0.03798390692394223
9555           0.0708330453082525
9563           0.03225806990133152
9570           0.07958141349914596
9571           0.015369703207980864
9578           0.026326047215505587
9614           0.027289967948333216
9650           0.14892789232994302
9655           0.048218841592291145
9660           0.019369517976834887
9671           0.03748708740825757
9772           0.021908172054478165
9817           0.022172500614158767
9934           0.06208467711735905
10060          0.04275556557422826
10061          0.043822783597292504
10063          0.07958141349914596
10077          0.061182628237560654
10128          0.038955249725437076
10136          0.031122812751741245
10137          0.10996764758008896
10140          0.070522799946232
10146          0.04458794073557213
10179          0.0362402800859157
10225          0.055021638998469034
10314          0.03147657490912453
10317          0.02971186799485477
10388          0.013660050084693814
10425          0.040007627973241006
10456          0.023000418833553894
10466          0.06801669980318498
10489          0.04673227511483569
10526          0.042091137042467225
10615          0.017624166102599162
10639          0.03644550781756011
10731          0.054150864278117064
10745          0.014650458188008648
10784          0.04275556557422826
10790          0.070522799946232
10840          0.034353006067223225
10894          0.0632563349362319
10930          0.033670611372421506
11032          0.02014349075689393
11063          0.015685250328533382
11134          0.1139344195663692
11140          0.04990417166429459
11141          0.08532874283184005
11152          0.04028502875304915
11159          0.037301512229140514
11213          0.015369703207980864
11493          0.013491088693850992
11633          0.019804775847353594
11740          0.06801669980318498
11741          0.051849742449010146
11750          0.0414599441517811
11791          0.043822783597292504
11807          0.04498864827680915
11824          0.024675566389954707
11889          0.01801631531490255
11895          0.055021638998469034
11926          0.06494779801009698
11953          0.020723088203583824
12026          0.02780101862792423
12048          0.031122812751741245
12061          0.07446394616497151
12134          0.025870357741463457
12153          0.02947145639447728
12200          0.02014349075689393
12201          0.030206881534543616
12261          0.016128307390878085
12266          0.1724165236308891
12267          0.10797193675827756
12319          0.0708330453082525
