t_index            tf-idf
6              0.04012968485780531
15             0.03982503373374528
36             0.03895479366965011
106            0.06013409657002238
107            0.048782943029418276
111            0.026706043646354607
119            0.08994055406288302
141            0.05012132962203508
177            0.05012132962203508
178            0.11442980270558899
188            0.033982880972747806
210            0.020044588967068514
283            0.06484711319192647
302            0.06484711319192647
303            0.03867815903472836
330            0.025367657053737808
338            0.04012968485780531
344            0.009999404285149317
374            0.027243886331993115
380            0.03690164374494097
390            0.021593391606491884
500            0.0565064200391994
505            0.033439943316580956
522            0.10424142795613377
525            0.03867815903472836
576            0.15059550098312335
628            0.020701644697263016
635            0.04411693067294349
641            0.032101556723964156
674            0.061365058860479216
677            0.027435544367489365
689            0.05085083034316984
755            0.06484711319192647
769            0.012735066961812544
836            0.045971837618802795
854            0.03621385217006871
887            0.04240619089444444
950            0.07587290980135103
952            0.012391687389213719
956            0.04689659710470238
979            0.0318095786675832
983            0.042892171710768597
1073           0.12189995301938095
1106           0.03535398097921229
1113           0.03577623752021643
1162           0.03814326756852966
1205           0.06939145984898114
1292           0.05777423119988987
1330           0.05431253077152985
1347           0.026018252071482333
1412           0.06724244012146921
1457           0.03788448175267634
1523           0.03907047019097118
1541           0.03738303100271714
1570           0.04548062342977485
1584           0.03535398097921229
1740           0.024411458588981624
1879           0.07587290980135103
1899           0.034747142652044594
1927           0.02126727200813948
1969           0.05204359488673586
1971           0.04369467413193935
1988           0.06753221664862397
2000           0.028098082886610472
2040           0.1119124385194247
2078           0.01707228627718592
2108           0.06420311344792831
2179           0.026909998980711204
2200           0.033439943316580956
2285           0.026308219756686783
2371           0.023524334971682007
2524           0.06753221664862397
2628           0.010024657340900483
2653           0.0198142838193016
2675           0.03867815903472836
2736           0.041092844894435744
2825           0.01893476357664441
2830           0.042892171710768597
2852           0.051627427314832365
2892           0.02094975816062161
3168           0.049433538047162814
3241           0.05535954534018248
3336           0.045008677582172356
3337           0.042892171710768597
3397           0.053615178399202545
3439           0.01653936922671878
3556           0.03690164374494097
3579           0.045971837618802795
3588           0.030061432938659764
3594           0.027762254300016546
3640           0.03292044926342241
3658           0.02126727200813948
3677           0.019148690573703577
3699           0.05012132962203508
3717           0.06753221664862397
3720           0.07681548287547652
3727           0.048165726886472346
3802           0.02765236242530381
3881           0.0591915234958969
3930           0.01893476357664441
4022           0.019532465864614577
4045           0.039560290866670275
4056           0.04202518842560735
4078           0.016936828073941177
4096           0.07526228893215146
4098           0.018466896046874213
4102           0.03342879776424969
4139           0.08421360295407808
4144           0.05245762382567055
4200           0.05245762382567055
4204           0.05777423119988987
4408           0.048782943029418276
4448           0.06828039788273588
4549           0.16759806528497287
4621           0.018022873359524915
4769           0.020102860638568067
4800           0.033982880972747806
4824           0.015069099521488905
4848           0.0591915234958969
4858           0.005983086031010483
4917           0.07587290980135103
4930           0.047018852187455426
4938           0.029605908551128202
4988           0.0865734683242106
4992           0.03326427484416262
5002           0.04759095171040586
5071           0.0591915234958969
5109           0.02929045131334867
5180           0.04012968485780531
5221           0.03172730114027057
5244           0.029165755102652513
5458           0.36783937648239046
5592           0.09515726220260701
5606           0.028443553791295127
5763           0.04012968485780531
5793           0.08578434342153719
5799           0.03365897803393335
5830           0.03621385217006871
5939           0.12026819314004476
6004           0.06484711319192647
6010           0.04177449706192363
6020           0.03690164374494097
6031           0.025367657053737808
6054           0.031079015387939276
6065           0.04152639019130739
6111           0.029416453267266662
6195           0.029165755102652513
6219           0.037139930277047796
6395           0.026406449499317534
6434           0.0303374658820013
6449           0.041693355246033015
6511           0.051627427314832365
6537           0.05535954534018248
6654           0.06048424761488783
6680           0.07587290980135103
6744           0.022203650202757125
6769           0.04984716338287111
6772           0.08088449975338244
6775           0.04897230816856552
6799           0.07587290980135103
6804           0.03788448175267634
6949           0.016802877785538264
6992           0.05245762382567055
6995           0.03840774143773826
7003           0.048782943029418276
7013           0.04012968485780531
7014           0.08152630187585151
7025           0.1130128400783988
7098           0.035148282352328336
7202           0.021659689717174982
7203           0.03379916631036131
7251           0.031334859445701656
7253           0.034747142652044594
7310           0.07099391707698398
7376           0.031788991705078255
7377           0.0565064200391994
7379           0.03494604100937824
7386           0.03867815903472836
7450           0.08421360295407808
7483           0.05535954534018248
7493           0.03763114446607573
7533           0.050022190723784436
7534           0.007119125000660328
7539           0.027587203898782237
7544           0.037139930277047796
7549           0.01662656581587926
7551           0.02270066206795071
7602           0.030897244795849384
7758           0.05535954534018248
7832           0.02094975816062161
7941           0.03895479366965011
7949           0.009848988868482147
7950           0.07099391707698398
8076           0.06265322392425692
8095           0.017725404216975337
8205           0.022273407364195988
8219           0.027435544367489365
8272           0.07099391707698398
8309           0.025828750884988653
8321           0.016484390771962867
8345           0.05334937073489942
8384           0.049433538047162814
8401           0.06079831697839762
8470           0.022773369700936765
8492           0.03763114446607573
8509           0.041092844894435744
8553           0.01964440226853944
8578           0.07587290980135103
8598           0.09194367523760559
8614           0.0591915234958969
8819           0.026406449499317534
8832           0.03416944403771572
8852           0.0591915234958969
8864           0.028327291276718236
8886           0.014469195776995871
8945           0.03379916631036131
8957           0.02722256399959711
9023           0.018517991990524733
9049           0.04044224987669122
9059           0.06753221664862397
9113           0.035563257152324175
9145           0.06079831697839762
9234           0.06079831697839762
9257           0.06484711319192647
9263           0.04128081506761489
9269           0.017535153982789358
9325           0.06484711319192647
9334           0.019581950766053756
9354           0.12132674963007366
9419           0.04369467413193935
9469           0.03148434058101822
9481           0.03621385217006871
9555           0.06753221664862397
9563           0.03075483985988347
9570           0.07587290980135103
9571           0.014653473140247529
9578           0.025099250163853892
9614           0.026018252071482333
9650           0.14198783415396796
9655           0.045971837618802795
9660           0.018466896046874213
9671           0.03574018450517484
9772           0.04177449706192363
9798           0.048782943029418276
9817           0.021139259347115292
9934           0.0591915234958969
10060          0.040763150937925756
10061          0.04178063646930802
10063          0.07587290980135103
10077          0.058331510205305026
10136          0.029672485833674496
10137          0.10484314162125792
10140          0.0672364287587906
10146          0.042510137190442776
10179          0.03455147855804154
10225          0.05245762382567055
10314          0.037512203288540234
10317          0.028327291276718236
10345          0.16842720590815616
10388          0.01302349006365706
10425          0.03814326756852966
10456          0.02192859647523423
10466          0.06484711319192647
10472          0.030614100516923048
10489          0.04455454532279577
10526          0.04012968485780531
10615          0.016802877785538264
10639          0.034747142652044594
10731          0.051627427314832365
10745          0.027935490054073336
10784          0.040763150937925756
10790          0.0336182143793953
10803          0.08421360295407808
10894          0.0603085819157042
10930          0.032101556723964156
11032          0.01920480159979268
11063          0.014954315726010525
11134          0.1086250615430597
11140          0.047578631101303503
11141          0.08135241287731534
11152          0.03840774143773826
11159          0.035563257152324175
11183          0.03599305557803087
11213          0.014653473140247529
11233          0.031041355220677767
11493          0.025724804588990315
11633          0.01888187084687005
11740          0.06484711319192647
11741          0.049433538047162814
11750          0.03952790563378089
11791          0.04178063646930802
11807          0.042892171710768597
11824          0.023525681948616987
11889          0.014722930968099226
11895          0.05245762382567055
11926          0.06192122260142235
11953          0.03951477946776681
12000          0.04385719295046846
12002          0.012735066961812544
12026          0.026505487726286883
12048          0.029672485833674496
12061          0.07099391707698398
12134          0.02466479587558224
12153          0.028098082886610472
12200          0.00960240079989634
12201          0.028799237124320733
12256          0.08421360295407808
12261          0.015376726274530022
12266          0.18264654703924116
12267          0.102940431170224
12319          0.06753221664862397
