t_index            tf-idf
68             0.023105048706987725
103            0.023452859141322686
200            0.034588603639469744
210            0.05300846928857339
344            0.008814566960759287
373            0.02276828175920717
432            0.03927524199988913
444            0.048799949017257045
456            0.015129736044431954
505            0.029477617978279025
644            0.0356502156944773
682            0.06232971960809632
692            0.057163327448524835
847            0.04981092962588181
854            0.031922844177246106
913            0.028022288929309913
931            0.05577432534078399
937            0.024970768123296936
952            0.010923386547260671
979            0.014020218263170535
1059           0.03537468675195293
1181           0.0810491964210124
1316           0.1190605417448446
1460           0.07423506651770835
1542           0.020738105283090263
1551           0.03385677776997869
1552           0.0215189255485901
1594           0.0654783811133966
1604           0.07423506651770835
1610           0.05958855271068189
1614           0.11432665489704967
1676           0.07423506651770835
1727           0.054472411633653434
1757           0.018412301928387796
1765           0.06688266869506533
1794           0.07423506651770835
1838           0.05359427630138584
1899           0.030629926230343284
2148           0.03295348608506333
2158           0.06258179167843528
2259           0.034095153371971
2341           0.03484421282425757
2354           0.010923386547260671
2371           0.01036845895525896
2417           0.02711067455438157
2457           0.04624187847874281
2566           0.08600522703424066
2625           0.03098353457019422
2649           0.1714899823455745
2653           0.017466473654246813
2663           0.027363240483409785
2676           0.0509867986774218
2698           0.10796422045387355
2727           0.12027476513802399
2754           0.1495257911493633
2866           0.057163327448524835
2897           0.024669119325472718
3057           0.03967556376858298
3250           0.07423506651770835
3280           0.04009158837934132
3281           0.07423506651770835
3305           0.03295348608506333
3344           0.030805256963965712
3358           0.03995247985207158
3485           0.05359427630138584
3515           0.04245853180323878
3536           0.03339551953895646
3651           0.04009158837934132
3734           0.02390430037222043
3871           0.03593309293509768
3887           0.030287726622839694
3915           0.02886873262331915
3930           0.01669116846094056
4078           0.059719879666168714
4102           0.01473389653563043
4124           0.03888948065609979
4270           0.05217787304977927
4274           0.057163327448524835
4298           0.047027961591226006
4317           0.03310380509915481
4353           0.014314883541170855
4431           0.08289510238922805
4436           0.05359427630138584
4445           0.16895495280560724
4450           0.19615602250516936
4531           0.04357611901651918
4573           0.06258179167843528
4621           0.003971832209263574
4668           0.1190605417448446
4784           0.028725013908456585
4810           0.06688266869506533
4816           0.200648006085196
4817           0.060612880912032825
4858           0.010548290867817011
4871           0.03484421282425757
4902           0.025930874447936816
4919           0.1484701330354167
4923           0.021742244699683392
4924           0.06258179167843528
4987           0.041447551194614025
5009           0.04624187847874281
5046           0.06688266869506533
5054           0.04009158837934132
5066           0.02858069511245465
5132           0.0509285168391622
5211           0.06258179167843528
5223           0.04551005260925176
5238           0.11447296435982622
5244           0.02570988170717797
5248           0.11432665489704967
5470           0.020335249225081432
5522           0.03153708283345676
5553           0.03153708283345676
5554           0.07423506651770835
5595           0.032529138784292
5606           0.02507325460054501
5619           0.06661050879211686
5668           0.06258179167843528
5799           0.009890233032897159
5839           0.015795508590637993
5998           0.027363240483409785
6031           0.04472364660159564
6033           0.03484421282425757
6067           0.07423506651770835
6085           0.03622372119387615
6097           0.0509285168391622
6147           0.022282367739185203
6167           0.0713004313889546
6230           0.04300261351712033
6276           0.03045744652963075
6277           0.021085915717425227
6488           0.03967556376858298
6504           0.02711067455438157
6534           0.1484701330354167
6584           0.03815765478660874
6607           0.07423506651770835
6615           0.041447551194614025
6618           0.02932276460213087
6643           0.029634765561828227
6754           0.08289510238922805
6770           0.06688266869506533
6801           0.0356502156944773
6819           0.1484701330354167
6869           0.08890429668548469
6941           0.1527855505174866
6949           0.014811891503781725
7174           0.012658444838123737
7205           0.02390430037222043
7256           0.02159284409077471
7259           0.03196653603493533
7269           0.012037959904041919
7279           0.016189225584599544
7376           0.11208915571723965
7422           0.04289103711501536
7480           0.011682375729617452
7507           0.0509285168391622
7517           0.044825475227136244
7544           0.0327391905566983
7557           0.06917720727893949
7558           0.01869072389367041
7953           0.23138893536460176
8042           0.030629926230343284
8089           0.017169054135951264
8097           0.02301984931015781
8121           0.029477617978279025
8175           0.12048271832740079
8198           0.05208624343262687
8249           0.012722537286157437
8335           0.04194100146211276
8409           0.02507325460054501
8512           0.018861353865914168
8583           0.07553022288494692
8600           0.02887132337123312
8752           0.1484701330354167
8901           0.02775373615795273
8926           0.07423506651770835
8946           0.14071715484793612
8982           0.01945079816301882
9023           0.016323780469772953
9036           0.0405245982105062
9073           0.03295348608506333
9095           0.03596298144511031
9269           0.015457399715108493
9291           0.1484701330354167
9334           0.012946252446209724
9376           0.1018570336783244
9384           0.03232316594593996
9481           0.031922844177246106
9545           0.028159158800934538
9559           0.019511584964775088
9576           0.026271243796117894
9610           0.02276828175920717
9628           0.029794276355340946
9654           0.01787646741036868
9667           0.021667281363813882
9693           0.07423506651770835
9817           0.01863445178356662
9861           0.02236182330079782
9919           0.019820856664743675
10183          0.07423506651770835
10281          0.03967556376858298
10314          0.033067352644549575
10315          0.1190605417448446
10416          0.038780715453369884
10615          0.014811891503781725
10745          0.01231269586874082
10753          0.05217787304977927
10756          0.020602112806550915
10804          0.06968842564851514
10877          0.11467664400098332
10930          0.028297817871834278
10984          0.012563026492644718
11138          0.0254933993387109
11196          0.057163327448524835
11211          0.04418241362356508
11272          0.02013941717897152
11315          0.006649672843496352
11407          0.05359427630138584
11431          0.07423506651770835
11490          0.061610513927931425
11604          0.057163327448524835
11641          0.05522939385579225
11734          0.2503271667137411
11751          0.06688266869506533
11766          0.04363548317383255
11776          0.030629926230343284
11805          0.07423506651770835
11814          0.09188977869102985
11871          0.03795330278214043
11872          0.0299562225220425
11889          0.017304532306947566
11953          0.03483264198803876
12000          0.019330259730921145
12002          0.02245215760530154
12025          0.06905954793047343
12085          0.02252254255547702
12101          0.041751727890037865
12118          0.05522939385579225
12133          0.025176740961648975
12134          0.021742244699683392
12152          0.030629926230343284
12153          0.02476871881666241
12173          0.026031688972399287
12200          0.008464604732547919
12261          0.006777362906778783
12271          0.020074935108800464
12287          0.026986611527509027
