t_index            tf-idf
26             0.02954599494342928
76             0.0509568135032016
101            0.06791304691947368
103            0.08358969960389655
230            0.024396383325329382
236            0.023108573752216005
247            0.0391504789267281
269            0.05108937215171772
344            0.010472170293444601
373            0.02704991917731228
399            0.06367282598006253
435            0.015821884180239897
495            0.030807246037794465
547            0.06702104222881738
594            0.02275356454374382
609            0.06561543184553202
641            0.03361929962140782
711            0.018364205845968692
740            0.04666105826526701
744            0.02369824826745581
862            0.039946659034408714
938            0.014230331474394618
952            0.012977559148768652
979            0.016656758506323338
1020           0.04666105826526701
1184           0.022205565445657476
1274           0.04339069986613926
1373           0.03412683103663324
1412           0.07042162351057116
1449           0.19325346461207205
1467           0.031488600808898766
1523           0.013639233085530136
1531           0.06561543184553202
1550           0.042354335886562774
1573           0.048633750432309164
1585           0.060575005084712995
1603           0.04576053286552406
1608           0.07072510050308704
1620           0.022545262387966628
1641           0.060505763187976985
1689           0.059178010654318734
1696           0.07643522025480241
1700           0.03220891076867868
1870           0.08159310723348395
1882           0.07435046811068698
1893           0.10169900621031129
1916           0.03967563797596738
1969           0.01816806190966012
2000           0.05885308774741922
2044           0.24340847649781833
2047           0.1282460694063481
2078           0.017879454024941302
2161           0.042354335886562774
2403           0.08903998341524437
2471           0.07935127595193477
2576           0.02455692044539485
2589           0.07435046811068698
2625           0.03681007266225955
2638           0.050442974389163786
2641           0.02385008135114322
2653           0.04150218322636241
2676           0.030287502542356497
2777           0.04982812105735254
2825           0.019829988165917172
2892           0.021940250519757253
2901           0.0391504789267281
2939           0.04339069986613926
3043           0.055871697898414736
3273           0.04576053286552406
3275           0.05769140808056914
3347           0.169776863489198
3360           0.08218616958439519
3404           0.02884570404028457
3426           0.03889588454039548
3528           0.07072510050308704
3558           0.10795024840392768
3602           0.033454565334442035
3722           0.028959750008698246
3788           0.03361929962140782
3888           0.020514427502818722
3974           0.0391504789267281
3987           0.054068341996763705
4098           0.019340000131949645
4121           0.04269040896299455
4128           0.050442974389163786
4171           0.04982812105735254
4333           0.05797691238777646
4375           0.04576053286552406
4571           0.19472678119825465
4621           0.004718746077664779
4673           0.02385008135114322
4824           0.047344673299867454
4858           0.01253192570483927
4904           0.028075036397104597
4938           0.031005658657087945
4952           0.060505763187976985
4953           0.06561543184553202
4985           0.0635436071846232
4998           0.03374882985453989
5002           0.08306837362945745
5048           0.0557264664025977
5309           0.048633750432309164
5310           0.03598341613464256
5334           0.027450016067160826
5386           0.04056425222784652
5514           0.13582609383894736
5518           0.06791304691947368
5799           0.05875059150576151
5836           0.09240550689950523
5839           0.03753179403347103
5842           0.02455692044539485
5924           0.22066103732533238
5974           0.08218616958439519
5993           0.06791304691947368
6063           0.06261333451829171
6227           0.030160848275240522
6255           0.020167561747619724
6264           0.13123086369106404
6284           0.060505763187976985
6368           0.06561543184553202
6406           0.021552466277201546
6433           0.02081095867827433
6449           0.014554864262930428
6481           0.03681007266225955
6499           0.0840539859514095
6545           0.04139676198060437
6630           0.13582609383894736
6709           0.04375600061744698
6729           0.0265670250983833
6748           0.11595382477555292
6769           0.0783058623350962
6864           0.024719529069287077
7039           0.01851334360433265
7174           0.030077799756957697
7202           0.0680512416799558
7203           0.07079434239982305
7227           0.03250897240878875
7228           0.03792602200011205
7269           0.014301731062001697
7309           0.021552466277201546
7382           0.10498207376520387
7481           0.019959887073701842
7534           0.007455713082623961
7539           0.014445755412504176
7760           0.050442974389163786
7858           0.025920627335829356
7949           0.08251714658815408
7963           0.046202753449752616
8033           0.07237010466463156
8163           0.04138301521710931
8221           0.019340000131949645
8321           0.008631881581388829
8410           0.04576053286552406
8480           0.027248379869487603
8529           0.15814703335214578
8557           0.03361929962140782
8600           0.10290196317753639
8704           0.02362301226188768
8772           0.026854535519336527
8782           0.0650179448175775
8833           0.024719529069287077
8886           0.015153290922632956
8938           0.07595586046136063
8957           0.028509630963852794
8958           0.0391504789267281
8992           0.03724466722900775
9023           0.019393511862044126
9029           0.054937789714907564
9108           0.03967563797596738
9147           0.031349350845080316
9156           0.033786215882840455
9261           0.04303569065766708
9283           0.03746771718459766
9334           0.0358886044799594
9366           0.31740510380773906
9367           0.09629071863044422
9381           0.20476098621979943
9405           0.04982812105735254
9429           0.022072209772639517
9654           0.08495274324875854
9660           0.019340000131949645
9671           0.03742995960401175
9727           0.04413220746506648
9791           0.039946659034408714
9794           0.038161580138864566
9809           0.03967563797596738
9816           0.05688039558037706
9929           0.054937789714907564
9991           0.04170793812400883
10000          0.020931552837794926
10106          0.028290460335214155
10125          0.06367282598006253
10131          0.03746771718459766
10139          0.059178010654318734
10140          0.07041532793416772
10141          0.05108937215171772
10214          0.02247658650409881
10226          0.06561543184553202
10314          0.007857151680592136
10321          0.05551730348431194
10330          0.02522033643268464
10381          0.05177072692282204
10388          0.013639233085530136
10456          0.02296536773954957
10496          0.05108937215171772
10497          0.03430065439251213
10559          0.06791304691947368
10624          0.02954599494342928
10636          0.07072510050308704
10641          0.04713666163325978
10643          0.06242324553850753
10668          0.052491036882601934
10840          0.06860130878502425
10841          0.02347387450352372
10857          0.059178010654318734
10886          0.046202753449752616
10947          0.007046521501467531
10956          0.019829988165917172
10975          0.026378932151343747
10984          0.014925537853160599
11080          0.032972901858853876
11099          0.020455949469802143
11125          0.04269040896299455
11132          0.039946659034408714
11141          0.02839956918564041
11203          0.055871697898414736
11315          0.007900161939071513
11493          0.013470529180502525
11503          0.06791304691947368
11630          0.01598449280413213
11764          0.08899976730884965
11791          0.04375600061744698
11889          0.012849185471440809
11900          0.060505763187976985
11917          0.03412683103663324
11923          0.054068341996763705
12006          0.054937789714907564
12020          0.024316875216154582
12025          0.027348794691627168
12105          0.040796553616741976
12152          0.036389967310676605
12176          0.025830933053257402
12194          0.054068341996763705
12271          0.02385008135114322
