t_index            tf-idf
36             0.032177567950955575
76             0.020095647593998706
82             0.04333122052989535
187            0.06956239980192354
193            0.05644951513254143
194            0.16088783975477788
247            0.030879255336418117
313            0.025521844688663756
336            0.033148055469448
479            0.024403858309848758
628            0.03420008251573435
641            0.053033268848839445
769            0.01051946227719227
788            0.033148055469448
862            0.0630144569351979
938            0.011223924998263675
952            0.020471645486038338
956            0.019368841390897056
965            0.0194327618807021
979            0.013137726870632645
992            0.03542993402792955
1134           0.048893578684097126
1184           0.03502850254114658
1242           0.03129346534912423
1330           0.08972683384283293
1352           0.03367131322330903
1389           0.04083325515873581
1449           0.10161685956336332
1487           0.06956239980192354
1535           0.030508173521888667
1573           0.09589754957899418
1585           0.023888737766355615
1606           0.06956239980192354
1637           0.06267279276264807
1662           0.021029292489760806
1686           0.03839683550687442
1696           0.020095647593998706
1700           0.02540421489084083
1707           0.03394364811946034
1744           0.03394364811946034
1870           0.1287102718038223
1969           0.014329740990556322
2000           0.023209671678479496
2026           0.0866624410597907
2044           0.3071746840549954
2047           0.050575921823360216
2061           0.09335124123084121
2073           0.05356522765469608
2078           0.014102106570527512
2100           0.066296110938896
2161           0.10021872439108558
2165           0.02058745966564282
2172           0.02762217295951734
2322           0.06267279276264807
2360           0.05201359899518839
2376           0.03289640653686967
2390           0.02762217295951734
2417           0.02540421489084083
2448           0.020954276270217953
2452           0.0668124829273904
2471           0.12517386139649692
2529           0.05864263099996741
2539           0.044799326719293944
2576           0.07747536556358822
2586           0.1673495571701178
2594           0.023495038701722887
2620           0.02973110322304042
2628           0.008280600726764632
2638           0.03978601357614514
2641           0.05643400326325288
2653           0.04910118144138717
2725           0.05864263099996741
2728           0.03451177999879281
2816           0.033148055469448
2825           0.015640556250653262
2892           0.06921995505725832
2901           0.09263776600925436
2939           0.034223655421943375
2954           0.026516634424419722
3016           0.03609281974122616
3036           0.042003971644821655
3086           0.024510165225973428
3088           0.07022872921109237
3109           0.022932269434826527
3148           0.06956239980192354
3173           0.04140138703806828
3181           0.05864263099996741
3223           0.03883866833099241
3249           0.04572827537026788
3275           0.022751544421352903
3276           0.03680309339605515
3282           0.021335150526995243
3347           0.05356341236806712
3356           0.05356522765469608
3360           0.03241145172793923
3404           0.022751544421352903
3459           0.05022082756917083
3581           0.04572827537026788
3588           0.024831444604478815
3802           0.022841496183764954
3827           0.025883324594099012
3915           0.009017204468273405
3930           0.06256222500261305
3962           0.06788729623892067
3987           0.0852909177054799
4022           0.01613427227822873
4027           0.02870195009295641
4098           0.015254086760944334
4102           0.013806483236695291
4121           0.03367131322330903
4167           0.05201359899518839
4184           0.06579281307373934
4347           0.028381289965258565
4382           0.06956239980192354
4407           0.021730907804536886
4428           0.01660543166244742
4491           0.07767733666198481
4506           0.04083325515873581
4521           0.06267279276264807
4544           0.023399003153577718
4560           0.06267279276264807
4564           0.06267279276264807
4571           0.07679367101374884
4608           0.06956239980192354
4652           0.021731202995666245
4673           0.05643400326325288
4824           0.012447427598370248
4845           0.05356522765469608
4876           0.04029584850297066
4883           0.08166651031747162
4969           0.015772792372793474
4985           0.05011890850488293
4998           0.02661879912973934
5000           0.06956239980192354
5002           0.026207490585090205
5038           0.02886624477418901
5048           0.08790655093965416
5054           0.11270416652240589
5082           0.0557831857233726
5101           0.05356522765469608
5109           0.02419459580359005
5118           0.035114364605546185
5221           0.013103745292545103
5281           0.048893578684097126
5309           0.038359019831597674
5351           0.0266482867055125
5386           0.015997172147227453
5619           0.020805921248827693
5637           0.08400794328964331
5659           0.08280277407613656
5749           0.04220975836065821
5799           0.01853540049578772
5839           0.014801272972451256
5924           0.278468052546494
5940           0.035114364605546185
5974           0.09723435518381769
5998           0.02564088326005707
6007           0.03823438491663746
6071           0.021650719949378616
6079           0.033148055469448
6081           0.027769429014472827
6111           0.024298676355743207
6173           0.06267279276264807
6211           0.03208532479110211
6227           0.023788841428917684
6255           0.015906811507548878
6264           0.05175302396069194
6276           0.028540326988654087
6306           0.06267279276264807
6308           0.03978601357614514
6381           0.08709990251848583
6395           0.021812343053680943
6433           0.01641427958071177
6449           0.02295978911538168
6500           0.04772286219801127
6567           0.02638670313751517
6570           0.05356522765469608
6584           0.03575585181346448
6618           0.027477066704918295
6629           0.08166651031747162
6709           0.10353533999637844
6744           0.018340732830401444
6748           0.04572827537026788
6769           0.08234983866257128
6788           0.01730498876431458
6864           0.03899419219647939
6949           0.013879568874138406
6971           0.09778715736819425
6975           0.048893578684097126
6979           0.020515693275100392
6999           0.028224757566270714
7015           0.05175302396069194
7174           0.04744667672602451
7202           0.035782817569587795
7217           0.03282855916142354
7228           0.05982697271355935
7269           0.011280240173890524
7353           0.03172569005078382
7379           0.02886624477418901
7479           0.021335150526995243
7480           0.010947037960100478
7481           0.007871505870827673
7534           0.005880563260140403
7539           0.034181510582157265
7694           0.048893578684097126
7695           0.037568055507468626
7723           0.03680309339605515
7773           0.05356522765469608
7779           0.07594761976428199
7787           0.042003971644821655
7819           0.05864263099996741
7872           0.04029584850297066
7886           0.037568055507468626
7949           0.04067747236082792
7953           0.07227478147735958
7960           0.04333122052989535
8003           0.037178217232128656
8033           0.028540326988654087
8089           0.016088361795176843
8098           0.04772286219801127
8163           0.032640129278408044
8195           0.028224757566270714
8249           0.023843454763617645
8276           0.046675620615420604
8301           0.10713045530939216
8321           0.006808245587091881
8365           0.0557831857233726
8480           0.021491682925983094
8529           0.07484142351439785
8553           0.032453468716191064
8557           0.026516634424419722
8694           0.05356522765469608
8704           0.037264475298776564
8737           0.03883866833099241
8772           0.021181045084901203
8782           0.05128176652011414
8876           0.028224757566270714
8917           0.048893578684097126
8957           0.08994589064695625
8958           0.12351702134567247
8965           0.023888737766355615
8978           0.06267279276264807
8997           0.03609281974122616
9023           0.01529629320189678
9029           0.04333122052989535
9041           0.04083325515873581
9111           0.028224757566270714
9207           0.03480850656831175
9243           0.028540326988654087
9261           0.03394364811946034
9334           0.05256923087242777
9366           0.12517386139649692
9381           0.08075082284755075
9383           0.04572827537026788
9429           0.052227207949403213
9444           0.037973809882140996
9466           0.024403858309848758
9499           0.03367131322330903
9542           0.040467399679496946
9578           0.02073256592024187
9589           0.05022082756917083
9612           0.0546680967653358
9621           0.040747393094336205
9644           0.048893578684097126
9667           0.02030345171834456
9698           0.03609281974122616
9816           0.08972683384283293
9919           0.037146497481769444
9942           0.0852909177054799
9962           0.03394364811946034
9968           0.048893578684097126
10040          0.05864263099996741
10042          0.04406782427140413
10094          0.05175302396069194
10112          0.024403858309848758
10125          0.05022082756917083
10131          0.029552006451344415
10138          0.034223655421943375
10151          0.03978601357614514
10169          0.039301058767214694
10198          0.04083325515873581
10212          0.026516634424419722
10314          0.012394381862661313
10388          0.021515412970004512
10411          0.04083325515873581
10456          0.018113532037539147
10486          0.02419459580359005
10488          0.046675620615420604
10543          0.04140138703806828
10567          0.0483891916071801
10590          0.037973809882140996
10593          0.11794762148761687
10614          0.05946220644608084
10642          0.023689939101372
10643          0.09847048571329393
10725          0.06267279276264807
10742          0.04772286219801127
10745          0.011537683103665408
10785          0.04772286219801127
10795          0.05864263099996741
10856          0.04406782427140413
10947          0.005557820559094778
11032          0.007931806977370906
11063          0.012352613506682434
11076          0.027323809319689685
11080          0.05201359899518839
11099          0.01613427227822873
11185          0.026916940949183586
11203          0.04406782427140413
11213          0.01210411051554807
11420          0.02973110322304042
11493          0.02124928846259564
11620          0.024617621428323484
11625          0.012639812996099568
11630          0.037822467176892687
11732          0.01373393107581297
11764          0.023399003153577718
11812          0.06267279276264807
11867          0.03644161349061989
11889          0.020269140501713606
11904          0.023888737766355615
11917          0.026916940949183586
11973          0.012737420345868779
12017          0.014761112910103145
12025          0.043141766720482345
12105          0.06435513590191115
12133          0.023592011196836675
12134          0.020373696547168103
12173          0.024393145190829742
12176          0.08149478618867241
12189          0.030288610192853185
12194          0.04264545885273995
12252          0.03883866833099241
12261          0.006350767234937558
12271          0.018811334421084295
