t_index            tf-idf
103            0.01967255459538323
127            0.04495555617273897
150            0.0499836309678466
186            0.06524197555471915
198            0.05602516754247274
210            0.014821391282733857
219            0.06226931182085121
330            0.01875737994614706
335            0.03964419220836623
337            0.019822096104183114
352            0.04388092203784264
422            0.05565052169092821
456            0.012691013771681183
479            0.04369059914709335
496            0.015307232129247329
503            0.03655219925390486
513            0.027641800524626718
548            0.034766729668551634
702            0.042719483451594556
705            0.034371219651990505
706            0.02421763085852547
777            0.03878827197504927
819            0.032007122990762624
884            0.04015982924084349
889            0.07520035006018487
932            0.03171537520354964
938            0.010047181919554787
952            0.07330139730002777
979            0.011760336237019508
992            0.03171537520354964
1023           0.021206229358399994
1029           0.0789880447330077
1057           0.04747313439775984
1064           0.02472619843598478
1137           0.05610202762316152
1184           0.03135603075171396
1293           0.04632711343853319
1449           0.022740776383593606
1461           0.041782037175390946
1473           0.04495555617273897
1594           0.05492409345524076
1682           0.022952631876256624
1696           0.01798877194915351
1734           0.04276837099396934
1810           0.05610202762316152
1995           0.03817440718845232
2078           0.025247216136058903
2079           0.037060766831364174
2082           0.03362933092531008
2097           0.04466324672720255
2108           0.02373656719887992
2124           0.029447468780011556
2136           0.047949321373080646
2175           0.051385538316502735
2276           0.015966608576854405
2354           0.04581337331251735
2376           0.029447468780011556
2380           0.046333414539809575
2426           0.02746204672762038
2459           0.052494397636222885
2478           0.020776314318110327
2594           0.021031762781710334
2698           0.036224700936092924
2710           0.04093401386624133
2736           0.030384915056215166
2759           0.04993474342547183
2778           0.016064924608444598
2886           0.03230876239692408
3101           0.037600175030092435
3109           0.020527995587603376
3172           0.027825260845464106
3240           0.03944764842265634
3276           0.032944569266966234
3305           0.027641800524626718
3344           0.025839838793072927
3449           0.03230876239692408
3469           0.037117828476590176
3487           0.028599445470861937
3512           0.06226931182085121
3536           0.08403775131370911
3541           0.022740776383593606
3588           0.01111402835038282
3594           0.020527995587603376
3596           0.022036651256611122
3631           0.042719483451594556
3640           0.024342073590942266
3651           0.03362933092531008
3665           0.028203935454300815
3674           0.02880399494669641
3683           0.029903851396569616
3718           0.01577317682123162
3734           0.020051229204219943
3762           0.016015630796334907
3816           0.07928838441673246
3817           0.02554809100585995
3827           0.0926786203293516
3871           0.030141132400406393
3879           0.02554809100585995
3884           0.045516232424652914
3888           0.014484004498925847
3889           0.08641198484008925
3915           0.03228727694191845
3956           0.05610202762316152
4006           0.05610202762316152
4020           0.04495555617273897
4045           0.009750570775933347
4092           0.037600175030092435
4102           0.012358978589915772
4167           0.02328018458232186
4256           0.1314811070481549
4286           0.02223220880613429
4289           0.06226931182085121
4353           0.03602251558668863
4407           0.00972629378862702
4427           0.023973848202716697
4428           0.02972895716804128
4443           0.03738146323415005
4499           0.02156577364310126
4501           0.037060766831364174
4597           0.05492409345524076
4613           0.031159099681612998
4621           0.023321361313229972
4673           0.016839109233842433
4687           0.034371219651990505
4696           0.03597754389830702
4716           0.03817440718845232
4817           0.03389523360428906
4826           0.04993474342547183
4835           0.12047948772253048
4847           0.03817440718845232
4848           0.04376745922778213
4858           0.07963235700228079
4904           0.019822096104183114
5012           0.037600175030092435
5032           0.02362025821812908
5221           0.023459834737327143
5334           0.019380806808170257
5348           0.02421763085852547
5519           0.03944764842265634
5766           0.050811455606964616
5830           0.026777285069276534
5839           0.026498944392128885
6005           0.013702141679666305
6028           0.04093401386624133
6052           0.016114493039308543
6082           0.047949321373080646
6152           0.02223220880613429
6159           0.05099639908458181
6199           0.04495555617273897
6206           0.017002370884648205
6248           0.02730962381298684
6255           0.05695641373267723
6274           0.023392104426918043
6276           0.02554809100585995
6277           0.03537426508598411
6406           0.03043380259858995
6407           0.03688209891210058
6423           0.06226931182085121
6473           0.032944569266966234
6530           0.4986065416878176
6557           0.244682815272787
6646           0.03262098777735958
6659           0.04993474342547183
6661           0.02614147819923438
6662           0.06226931182085121
6827           0.041782037175390946
6851           0.04632711343853319
6897           0.037060766831364174
6920           0.040893478441562124
7022           0.014609030120420629
7039           0.026142318816205837
7148           0.017002370884648205
7202           0.016015630796334907
7206           0.04993474342547183
7235           0.04993474342547183
7245           0.047949321373080646
7251           0.0231696550823379
7256           0.05433705140413938
7325           0.02801258377123637
7393           0.04612096361355932
7460           0.036071135594259306
7489           0.03878827197504927
7534           0.005264030976081975
7539           0.020398559633832723
7549           0.012294032970700192
7556           0.032007122990762624
7742           0.030893482633674477
7851           0.02306048180677966
7875           0.02661402341847076
7908           0.020286419381980184
7957           0.06226931182085121
7961           0.03878827197504927
8002           0.05980770279313923
8040           0.032007122990762624
8095           0.013106537229375466
8109           0.11335315972681242
8110           0.026777285069276534
8153           0.031261627237707965
8193           0.04632711343853319
8221           0.01365481190649342
8309           0.01909832243702335
8318           0.025692769158251368
8326           0.023973848202716697
8334           0.029013357790420944
8450           0.028203935454300815
8543           0.0665607284499333
8561           0.03944764842265634
8568           0.025405727803482308
8589           0.03230876239692408
8609           0.09883370780089869
8630           0.01923844360579261
8679           0.025405727803482308
8718           0.031432890832402735
8770           0.022846073592731247
8876           0.025265606634713045
8890           0.047949321373080646
8928           0.03262098777735958
8962           0.036071135594259306
8965           0.02138418549698467
8995           0.03878827197504927
9095           0.03016620326027278
9161           0.03362933092531008
9226           0.020207329880532324
9228           0.025265606634713045
9329           0.12923504958769633
9332           0.06226931182085121
9334           0.02171896027848746
9377           0.41609259887991407
9426           0.03817440718845232
9466           0.021845299573546674
9544           0.03561475297770125
9559           0.016366564014606056
9652           0.09406809225514189
9654           0.02999001349762366
9660           0.01365481190649342
9813           0.037600175030092435
9894           0.01038007724893976
9945           0.02614147819923438
9997           0.04632711343853319
10076          0.036071135594259306
10101          0.04057283876396037
10201          0.05610202762316152
10225          0.03878827197504927
10303          0.04495555617273897
10381          0.03655219925390486
10388          0.009629842867687774
10414          0.0249918154839233
10416          0.016264877075482544
10433          0.03362933092531008
10452          0.037600175030092435
10497          0.02421763085852547
10500          0.06226931182085121
10502          0.042719483451594556
10524          0.04495555617273897
10593          0.03016620326027278
10636          0.04993474342547183
10670          0.047949321373080646
10687          0.06226931182085121
10745          0.020656089753028944
10790          0.024858015814764718
10852          0.06226931182085121
10947          0.00995025077984847
10955          0.01673190901746242
10956          0.014000763012729768
10975          0.018624578819195662
10981          0.02086065154034007
11017          0.021118568449046145
11031          0.03817440718845232
11032          0.035501087037185186
11035          0.05610202762316152
11063          0.06634521618923192
11064          0.03518064198811064
11067          0.021206229358399994
11076          0.012229557976047497
11094          0.042719483451594556
11099          0.014442716673897142
11128          0.031159099681612998
11132          0.028203935454300815
11141          0.020051229204219943
11213          0.010835086686958508
11296          0.015966608576854405
11386          0.06226931182085121
11469          0.12047948772253048
11528          0.04376745922778213
11562          0.06226931182085121
11584          0.03230876239692408
11639          0.05934546847605603
11732          0.04917613188280077
11766          0.03660199465917801
11822          0.030141132400406393
11864          0.037600175030092435
11889          0.04354578107146723
11953          0.014609030120420629
11973          0.05700999401750264
12002          0.018833153502218706
12017          0.026427045220961124
12020          0.01716868433117169
12078          0.06226931182085121
12100          0.06874243930398101
12101          0.017510938462107516
12173          0.010917854821744321
12200          0.021300652222311114
12261          0.011369875288374874
