t_index            tf-idf
26             0.023793443043377695
73             0.03553974630771772
100            0.06398939152443822
103            0.02243831197591437
150            0.02850540584110826
198            0.031950862856313905
354            0.04227112672107794
422            0.03173720426772849
456            0.014475238836873626
477            0.04872540027728497
500            0.04765615876601463
548            0.03965457169798962
581            0.04227112672107794
627            0.036506992909133285
658            0.056955051057828755
705            0.039203457070340786
706            0.055244757754913186
769            0.010740449892365273
777            0.08848300238414633
819            0.10952097872739985
840            0.05987456613416632
862            0.03216911660373133
931            0.053361583963023665
942            0.022870224311917212
952            0.010450851800371058
1023           0.07256281656804887
1095           0.06433823320746267
1113           0.03017282025885425
1226           0.05127584165868263
1296           0.06398939152443822
1308           0.04645899503081553
1487           0.07102373199104767
1535           0.015574537005083896
1603           0.036851039691002105
1682           0.02617953414289305
1696           0.020517806932578528
1732           0.030355679406175493
1734           0.02439058045083637
1757           0.01761580421279906
1815           0.056955051057828755
1935           0.1550861789373518
1969           0.029261546079848134
2012           0.05284022566755686
2021           0.042886370124609836
2124           0.03358747783279572
2316           0.07047357250893696
2354           0.010450851800371058
2360           0.026553137366186256
2380           0.01761580421279906
2472           0.05469049923262409
2478           0.04739449776276852
2628           0.016909110910987953
2698           0.04131751862206058
2701           0.022354092338150475
2710           0.04668891216459907
2712           0.03437866337228911
2714           0.05284022566755686
2801           0.04169105981067551
2845           0.0458058852009474
2948           0.03835726647420051
3088           0.03585202965800038
3099           0.03309233533519182
3109           0.023414019109797526
3129           0.03216911660373133
3149           0.022958857260516958
3167           0.03553974630771772
3172           0.03173720426772849
3212           0.07102373199104767
3236           0.013803407754064545
3279           0.06398939152443822
3284           0.04354133337574274
3375           0.03585202965800038
3438           0.03553974630771772
3439           0.027897814273544777
3536           0.031950862856313905
3537           0.04169105981067551
3545           0.05468864581135931
3588           0.025353091203881704
3630           0.039203457070340786
3658           0.01793630689462934
3670           0.03494260890025905
3816           0.022608877471693354
3865           0.042886370124609836
3884           0.03461022878890277
3894           0.05928643587660562
3915           0.0184132668017994
3930           0.01596912525301615
4027           0.05860981268119484
4045           0.011121400017106615
4054           0.08708266675148547
4096           0.03173720426772849
4128           0.04062181829940518
4154           0.049920710591219296
4166           0.016473213020575243
4167           0.026553137366186256
4168           0.04114236358400776
4256           0.029993197727126417
4281           0.07102373199104767
4294           0.04758688608675539
4428           0.016954270286067826
4470           0.02850540584110826
4499           0.02459769800915532
4519           0.04114236358400776
4541           0.08454225344215588
4547           0.0916117704018948
4577           0.04169105981067551
4621           0.011400044193811892
4625           0.06398939152443822
4673           0.019206513549294146
4769           0.016954270286067826
4784           0.027482398615304927
4824           0.012708916947114476
4858           0.015137973575750864
4890           0.5373996453247315
4904           0.04521775494338671
4998           0.013588996790633018
5221           0.013379022235960021
5536           0.03965457169798962
5702           0.036851039691002105
5815           0.049920710591219296
5839           0.015112210730438983
5968           0.03073158934799372
6005           0.015628520854057516
6010           0.01761580421279906
6028           0.04668891216459907
6052           0.018380023824387397
6063           0.016807543757559166
6159           0.02326638580180368
6177           0.019646451514902373
6206           0.03878545619382562
6223           0.1497621317736579
6236           0.06398939152443822
6255           0.032481947735018314
6274           0.0800423759445355
6276           0.029139887938756544
6277           0.040347520301419415
6278           0.021471065374498808
6323           0.04872540027728497
6357           0.02655128394492148
6531           0.03358747783279572
6557           0.19535787903554713
6646           0.03720716072546371
6663           0.016426338073000958
6825           0.022958857260516958
6949           0.014171143932283293
6999           0.028817689191390924
7027           0.04765615876601463
7183           0.03152795132631758
7251           0.10570827425408906
7256           0.02065875931103029
7309           0.017356239984226914
7353           0.03239216751886139
7534           0.006004099199192153
7549           0.04206733994325576
7637           0.056955051057828755
7689           0.04499357913747889
7697           0.04227112672107794
7858           0.02087392796704013
7863           0.04499357913747889
7872           0.04114236358400776
7982           0.04668891216459907
8089           0.016426338073000958
8109           0.06464471985765308
8153           0.12479840861627
8157           0.10255168331736526
8334           0.03309233533519182
8391           0.04354133337574274
8480           0.021943169478310463
8512           0.018045430613865536
8513           0.07102373199104767
8589           0.036851039691002105
8609           0.03757623442040362
8621           0.06398939152443822
8630           0.043886338956620925
8704           0.0380473088039458
8719           0.023793443043377695
8865           0.033336887122998066
8894           0.03757623442040362
8953           0.026941021832234027
9016           0.04354133337574274
9018           0.042886370124609836
9049           0.03410802311739831
9123           0.04765615876601463
9140           0.04354133337574274
9161           0.03835726647420051
9195           0.07591847734173886
9226           0.023048271126212008
9334           0.028901157948316953
9434           0.027908268433649585
9441           0.006224173386836733
9509           0.042886370124609836
9552           0.042886370124609836
9559           0.03733506673502259
9575           0.05860981268119484
9602           0.044241501192073165
9604           0.14602797163653314
9637           0.072348456810732
9652           0.03576436384618998
9660           0.04672361101525169
9671           0.01507120700553763
9716           0.033844413280597535
9780           0.04012667580180127
9788           0.04227112672107794
9791           0.03216911660373133
9810           0.053882043664468054
9846           0.04668891216459907
9894           0.03551822573675222
9902           0.061849796408519946
9915           0.06390172571262781
9921           0.03523678625446848
9945           0.029816699224392645
9947           0.05987456613416632
9999           0.056955051057828755
10012          0.0693134386881321
10062          0.05987456613416632
10101          0.02313847979224479
10102          0.06264585201518212
10263          0.04872540027728497
10276          0.03152795132631758
10330          0.020309982439070194
10360          0.02116810532124956
10414          0.02850540584110826
10483          0.04765615876601463
10634          0.061849796408519946
10709          0.049920710591219296
10745          0.011780060993952535
10844          0.023507553487184703
10869          0.033844413280597535
10947          0.011349152961010035
10956          0.01596912525301615
10959          0.06240509099829767
10984          0.024039125132249553
10994          0.04227112672107794
11004          0.05987456613416632
11007          0.032666465516847154
11032          0.03239373768412949
11052          0.03132292600759106
11063          0.012612111048292915
11067          0.048375211045365914
11076          0.013948907136772389
11119          0.044241501192073165
11135          0.031121960864196583
11245          0.028817689191390924
11314          0.04012667580180127
11315          0.031810073326463045
11363          0.05284022566755686
11463          0.05987456613416632
11469          0.0458058852009474
11607          0.03358747783279572
11625          0.012905343881294806
11726          0.10397015803219817
11732          0.014022446647751919
11766          0.06262178390112039
11889          0.024833933391288015
11904          0.02439058045083637
11956          0.02439058045083637
11980          0.03720716072546371
11990          0.04354133337574274
12000          0.05548215624426439
12008          0.044241501192073165
12020          0.019582423491112368
12033          0.06398939152443822
12039          0.04872540027728497
12048          0.025025062548484654
12090          0.05284022566755686
12094          0.30988138966545437
12101          0.039945590014630473
12109          0.0516383955558012
12172          0.03965457169798962
12273          0.03757623442040362
12289          0.04062181829940518
12291          0.05987456613416632
